-68.3367
-70.1564
-71.4373
-65.58
-71.2703
-73.1463
-76.8197
-79.9491
-82.4333
-79.3155
-75.5329
-67.5439
-62.3657
-59.0761
-63.7161
-65.6152
-60.1585
-63.0743
-58.4715
-65.0839
-68.2114
-64.5631
-68.0005
-73.452
-75.5405
-70.977
-68.5367
-71.7657
-76.9577
-79.4257
-90.3642
-74.3494
-66.237
-59.7525
-66.2917
-57.4399
-73.4108
-74.3604
-79.4064
-80.6888
-92.2083
-99.075
-96.4493
-104.928
-100.391
-95.2997
-95.4266
-104.039
-99.9985
-100.658
-101.817
-115.054
-119.136
-109.362
-111.38
-110.968
-102.797
-101.947
-107.99
-107.04
-102.478
-102.166
-97.7951
-90.4584
-92.3517
-104.984
-102.716
-106.622
-106.316
-87.3175
-85.9619
-80.6927
-79.9823
-71.7084
-72.4634
-69.856
-78.0206
-81.8616
-81.3977
-82.467
-92.7325
-105.388
-90.675
-83.3087
-71.5857
-71.532
-73.0231
-71.5466
-67.699
-85.9296
-101.617
-117.007
-132.739
-163.678
-168.301
-182.967
-167.595
-147.236
-127.177
-123.247
-123.921
-119.63
-109.872
-108.224
-103.821
-108.988
-119.763
-129.312
-140.486
-142.095
-134.03
-125.233
-116.379
-118.28
-115.485
-115.95
-109.615
-109.503
-106.58
-102.44
-102.596
-105.079
-110.04
-115.558
-122.303
-128.42
-123.86
-120.315
-103.104
-105.977
-97.8625
-103.746
-110.892
-121.206
-118.407
-115.396
-114.17
-121.207
-123.043
-136.068
-142.175
-148.119
-153.895
-145.53
-136.631
-123.903
-122.054
-126.49
-125.403
-129.558
-124.562
-125.731
-121.55
-118.7
-119.908
-115.742
-116.593
-117.596
-118.413
-126.808
-126.727
-123.263
-125.286
-117.449
-112.91
-107.258
-104.54
-101.755
-101.428
-95.9912
-96.8994
-108.474
-118.829
-139.873
-144.431
-150.609
-134.503
-119.336
-107.847
-111.792
-110.502
-103.397
-101.909
-99.0466
-103.701
-104.485
-108.868
-110.782
-106.948
-99.3127
-93.2275
-91.6809
-98.6108
-92.821
-97.1338
-97.4133
-95.2881
-88.3643
-87.2021
-80.4797
-79.4141
-69.3164
-65.6128
-66.0913
-66.9678
-65.4028
-66.6772
-71.4429
-70.3735
-71.4722
-76.5747
-72.3926
-71.0767
-65.9741
-62.9517
-68.8135
-65.8154
-68.103
-68.0957
-65.4272
-69.6338
-73.1738
-81.1011
-76.2744
-73.6475
-61.5283
-58.0542
-59.4604
-57.6904
-59.9951
-66.9287
-62.3291
-62.9395
-58.6304
-65.9814
-57.3169
-58.1909
-58.8745
-65.2881
-69.7437
-72.6147
-72.6636
-74.2017
-71.6113
-72.1338
-76.9629
-71.6748
-71.4844
-70.3809
-70.5493
-62.2095
-67.0605
-60.9814
-69.3384
-59.8218
-52.0483
-58.9502
-63.4424
-58.8745
-64.1162
-59.9072
-68.0664
-60.6763
-67.0776
-55
-58.7085
-55.1196
-59.187
-67.334
-74.353
-68.2935
-67.8003
-70.5981
-71.001
-62.5708
-62.9614
-65.1465
-60.0537
-70.9229
-68.3203
-74.9463
-64.563
-72.8979
-83.2568
-86.1255
-86.189
-84.6924
-71.0083
-59.5337
-57.1484
-62.002
-56.4844
-62.5879
-57.3682
-58.3618
-57.063
-56.6919
-65.0806
-68.4692
-71.6528
-66.521
-58.7549
-56.4136
-58.0811
-58.96
