-68.5595
-70.3793
-71.6602
-65.8028
-71.4931
-73.3691
-77.0425
-80.1719
-82.6561
-79.5383
-75.7558
-67.7668
-62.5885
-59.299
-63.939
-65.838
-60.3814
-63.2972
-58.6944
-65.3068
-68.4342
-64.786
-68.2232
-73.6748
-75.7633
-71.2
-68.7596
-71.9886
-77.1806
-79.6484
-90.587
-74.5721
-66.4597
-59.9755
-66.5146
-57.6626
-73.6337
-74.5831
-81.0086
-92.6236
-93.4076
-97.2518
-93.732
-99.8378
-91.7743
-90.1264
-91.8084
-99.5035
-92.9297
-92.2532
-95.7601
-109.643
-121.657
-115.89
-118.168
-111.072
-99.5471
-97.0456
-103.051
-98.7824
-95.2877
-96.0168
-92.0683
-90.6811
-92.5741
-105.206
-102.939
-106.844
-106.538
-87.5401
-86.1845
-80.9158
-80.2054
-71.9308
-72.6863
-70.0788
-76.4143
-74.6418
-82.3924
-89.3716
-100.826
-103.827
-87.5274
-81.6695
-71.8081
-71.7546
-73.2458
-71.7692
-67.9219
-86.4301
-101.679
-100.963
-122.242
-157.888
-167.874
-191.209
-183.38
-174.613
-158.467
-166.675
-174.916
-153.532
-126.869
-128.504
-115.546
-121.169
-128.198
-137.634
-128.344
-120.041
-118.803
-116.162
-111.818
-106.722
-108.087
-101.96
-103.532
-101.563
-113.082
-129.257
-104.481
-98.6404
-97.9028
-105.154
-109.143
-119.279
-115.553
-120.355
-102.445
-115.822
-98.1709
-108.025
-109.991
-124.314
-119.836
-115.749
-112.72
-123.944
-130.771
-130.54
-125.722
-128.687
-150.133
-120.234
-117.599
-113.468
-117.706
-125.524
-122.336
-119.534
-116.997
-116.251
-111.724
-113.01
-111.911
-106.964
-113.55
-113.993
-116.38
-127.255
-131.796
-131.875
-139.759
-120.403
-119.813
-107.687
-106.573
-118.148
-117.785
-154.002
-103.283
-118.188
-142.349
-187.135
-180.617
-172.567
-148.903
-128.212
-116.243
-123.366
-113.782
-101.38
-97.5118
-92.8008
-111.533
-110.152
-110.521
-112.862
-111.828
-103.213
-95.3378
-91.9043
-98.833
-93.0439
-97.3565
-97.6362
-95.5108
-88.5864
-87.4248
-80.7026
-79.6362
-69.539
-65.836
-66.315
-67.1894
-65.6264
-66.8994
-71.6646
-70.5967
-71.6939
-76.7974
-72.6167
-71.2998
-66.1978
-63.1744
-69.0352
-66.0396
-68.3262
-68.3174
-65.65
-69.8569
-73.396
-81.3223
-76.4986
-73.8691
-61.7504
-58.2758
-59.6821
-57.9126
-60.2183
-67.1514
-62.5532
-63.1626
-58.8545
-66.2036
-57.5405
-58.4136
-59.0976
-65.5108
-69.9653
-72.8364
-72.8862
-74.4244
-71.833
-72.3575
-77.187
-71.899
-71.7071
-70.604
-70.771
-62.4331
-67.2847
-61.2055
-69.5596
-60.0454
-52.27
-59.1724
-63.665
-59.0976
-64.3388
-60.1289
-68.288
-60.8994
-67.3008
-55.2246
-58.9307
-55.3418
-59.4112
-67.5557
-74.5752
-68.5136
-68.0244
-70.8193
-71.2236
-62.7949
-63.1846
-65.3701
-60.2754
-71.1475
-68.5429
-75.167
-64.7872
-73.1221
-83.4815
-86.3496
-86.4112
-84.914
-71.2325
-59.7569
-57.3721
-62.2236
-56.7071
-62.8096
-57.5918
-58.585
-57.2842
-56.915
-65.3027
-68.6924
-71.877
-66.7441
-58.9775
-56.6368
-58.3037
-59.1826
