-78.0154
-97.3458
-90.4895
-90.7848
-90.5959
-92.103
-92.5157
-89.1269
-88.5191
-83.6317
-74.1231
-84.2186
-89.1534
-86.0825
-86.6601
-94.451
-93.1757
-97.6985
-91.5744
-88.0121
-92.7632
-88.2066
-89.3315
-83.7535
-82.0462
-80.9064
-82.0384
-81.9502
-68.2756
-65.058
-76.412
-72.3138
-97.7094
-95.1743
-94.3716
-94.3747
-78.4143
-93.6014
-79.1742
-84.9146
-79.4775
-78.0576
-72.0923
-74.6573
-75.8643
-71.3177
-66.5018
-68.2846
-75.2939
-92.8183
-107.48
-101.597
-92.6151
-88.4219
-78.7759
-77.6993
-78.3023
-82.1051
-84.6255
-82.1091
-89.0634
-83.9349
-81.651
-84.4171
-83.5944
-92.9883
-76.7413
-76.6351
-70.8002
-75.7306
-70.426
-83.7305
-85.1141
-87.8949
-83.7885
-85.1959
-83.0029
-80.9906
-82.7307
-79.8993
-79.046
-74.4965
-69.9481
-64.6881
-63.5022
-65.5334
-69.4232
-70.3992
-72.4799
-72.3102
-73.5895
-70.9357
-76.8915
-73.7488
-80.401
-75.08
-82.1405
-85.2435
-88.6523
-80.0665
-74.5038
-78.8049
-71.5912
-68.0072
-76.3965
-75.4797
-85.083
-80.827
-102.933
-101.934
-98.2849
-96.5942
-82.3859
-72.8699
-78.9594
-77.8265
-69.8236
-73.6469
-69.2828
-76.8665
-76.0278
-76.4093
-69.0936
-76.7328
-64.2767
-75.2185
-77.3132
-94.1223
-90.8936
-93.2715
-94.3005
-81.8762
-78.114
-70.5078
-82.9834
-79.5068
-81.5186
-83.9209
-89.3372
-90.3906
-94.2554
-93.562
-96.2244
-107.167
-99.7034
-98.6621
-87.5598
-84.1797
-85.1306
-87.0557
-81.1047
-83.4753
-85.0061
-90.658
-93.8281
-88.2373
-80.3235
-79.8413
-80.3345
-79.1138
-86.5222
-90.1514
-79.5789
-87.1936
-94.7522
-90.0781
-86.6443
-112.003
-91.405
-90.4309
-79.48
-80.946
-82.9639
-84.4617
-87.8589
-92.2632
-90.1794
-84.4055
-83.2666
-68.5767
-71.4734
-75.1562
-78.4204
-74.4568
-79.2273
-84.4995
-88.5815
-88.2727
-88.8989
-93.9771
-101.313
-97.063
-92.3364
-88.1787
-86.0791
-85.8435
-85.6482
-84.1614
-83.8696
-83.6328
-78.9868
-80.144
-76.8494
-87.5574
-82.0178
-75.3955
-78.1604
-83.7341
-75.9766
-75.4346
-73.4473
-73.3411
-79.613
-79.5654
-74.9963
-75.2856
-78.6743
-79.9866
-75.6299
-79.79
-71.2634
-63.4094
-73.6926
-77.9565
-85.3345
-83.7646
-80.3088
-85.094
-86.842
-80.1196
-71.5552
-81.8481
-81.5906
-83.0212
-90.5396
-93.407
-101.03
-99.0393
-92.2266
-91.2415
-82.7783
-82.4597
-83.5242
-84.5435
-86.8262
-87.644
-91.1401
-96.0474
-91.7847
-99.5898
-89.4678
-89.4971
-86.4014
-95.481
-86.7944
-91.5356
-84.2969
-88.0396
-88.9648
-89.8584
-89.5679
-91.9067
-81.9214
-81.7529
-82.2217
-79.9854
-82.8101
-84.6777
-76.7993
-67.9761
-75.769
-84.043
-86.377
-89.541
-94.3335
-93.7305
-91.814
-94.4946
-84.6387
-85.1147
-79.5312
-82.8589
-81.3672
-82.5806
-81.5283
-91.3184
-85.2197
-89.4043
-73.9014
-76.1182
-75.1416
-80.6128
-82.6831
-87.4487
-79.0845
-72.2852
-64.9951
