-110.05
-107.241
-114.575
-119.04
-113.175
-96.0487
-97.9922
-99.7661
-106.81
-115.983
-97.4197
-88.0265
-90.0062
-81.0196
-86.0303
-91.8655
-91.4732
-91.3812
-148.998
-109.243
-130.226
-167.064
-174.842
-178.922
-170.125
-156.46
-149.546
-144.886
-145.592
-145.445
-161.243
-156.331
-161.729
-150.118
-148.751
-142.786
-138.707
-132.538
-138.965
-130.584
-129.533
-127.949
-124.266
-129.674
-129.787
-133.595
-153.818
-144.319
-137.13
-129.466
-131.749
-133.075
-140.504
-162.137
-174.691
-154.358
-144.484
-138.642
-142.376
-128.963
-126.088
-115.693
-105.696
-105.134
-103.165
-103.079
-101.081
-102.996
-105.456
-153.86
-129.335
-127.238
-107.94
-105.801
-115.002
-143.898
-160.775
-172.093
-170.681
-149.754
-147.084
-149.474
-145.346
-145.432
-142.121
-143.587
-138.848
-138.536
-144.35
-140.587
-149.062
-157.811
-180.067
-172.859
-175.774
-164.345
-152.302
-129.404
-132.318
-129.842
-118.181
-119.613
-134.521
-158.176
-165.724
-160.561
-164.509
-172.028
-151.739
-150.386
-143.77
-164.854
-149.668
-146.442
-166.242
-183.05
-193.686
-158.468
-144.478
-132.257
-120.818
-112.945
-115.66
-119.788
-121.75
-120.464
-120.504
-117.11
-114.949
-120.006
-129.91
-140.914
-144.944
-141.36
-137.206
-140.76
-151.852
-168.3
-172.106
-175.963
-164.71
-147.05
-132.12
-125.843
-116.417
-102.23
-98.7496
-112.104
-129.194
-126.223
-134.11
-141.882
-157.91
-162.961
-196.289
-181.819
-158.743
-142.206
-127.288
-114.94
-121.753
-115.135
-98.9663
-96.9008
-101.039
-112.471
-119.142
-122.648
-123.013
-156.125
-163.441
-176.423
-172.207
-176.401
-154.933
-132.187
-127.308
-123.053
-121.254
-107.663
-93.1421
-87.2285
-74.2412
-68.0888
-70.2744
-62.1973
-62.1679
-62.2236
-60.4717
-62.1592
-67.462
-63.0996
-66.9756
-63.8027
-65.7041
-64.0254
-65.1328
-64.4825
-61.5029
-69.041
-67.6699
-66.3047
-62.3701
-64.3535
-71.3876
-72.6211
-62.7744
-67.5059
-62.2354
-61.875
-68.9531
-66.2842
-74.3144
-73.6963
-69.9668
-70.0693
-65.1826
-63.2285
-69.3691
-67.7636
-68.1856
-76.8662
-74.8037
-73.5323
-65.0888
-63.7354
-64.8691
-77.291
-65.5429
-73.2364
-73.8047
-66.9258
-66.7266
-78.4453
-88.4912
-86.9473
-82.1279
-79.4736
-78.1553
-69.6445
-65.4726
-67.4414
-69.9815
-60.9638
-66.2813
-68.8506
-66.2666
-80.0742
-91.4766
-95.2529
-86.458
-88.1573
-80.3321
-74.5283
-73.1807
-68.1797
-70.7256
-68.9795
-61.7549
-69.542
-67.6553
-64.8575
-75.4336
-67.9482
-67.6319
-76.333
-68.9736
-77.2148
-74.2061
-73.289
-70.9951
-68.5576
-68.5606
-72.4394
-64.8604
-72.1758
-75.5069
-72.2022
-69.3691
-85.3476
-83.5283
-79.0049
-80.414
-82.4268
-76.1221
-74.5459
-73.3447
-75.8819
-67.3828
-74.5752
-73.7461
-80.0537
-74.8418
-76.8662
-65.3525
-69.627
-74.8418
