-66.5871
-82.2846
-96.5963
-122.258
-113.648
-135.738
-145.475
-140.233
-114.689
-102.137
-98.1884
-94.5547
-87.495
-84.0414
-77.3492
-81.7755
-74.5975
-81.7049
-87.0891
-87.2195
-89.2154
-81.9846
-83.4488
-87.2302
-93.7953
-97.4931
-100.229
-108.551
-111.703
-92.5714
-84.0479
-87.8464
-86.149
-82.1539
-95.2835
-114.017
-128.44
-135.301
-148.352
-145.143
-116.343
-100.653
-102.308
-121.432
-134.32
-149.246
-138.501
-158.674
-149.991
-154.749
-175.651
-183.019
-177.021
-183.63
-174.439
-144.295
-117.196
-112.812
-118.926
-121.467
-117.519
-122.607
-121.594
-129.038
-126.096
-137.717
-151.813
-145.555
-152.024
-140.64
-132.331
-127.4
-129.885
-134.598
-143.019
-145.085
-142.656
-143.791
-148.528
-144.503
-136.468
-133.561
-127.468
-125.908
-135.048
-155.781
-174.543
-180.331
-178.315
-187.317
-169.629
-156.116
-137.104
-136.893
-133.882
-140.027
-128.412
-120.408
-117.118
-108.909
-105.9
-96.5466
-93.3167
-87.2266
-79.6191
-76.3538
-75.127
-75.6702
-77.7563
-80.1355
-89.4336
-77.627
-81.394
-89.0662
-83.1848
-83.4021
-70.6067
-69.8242
-69.6155
-63.2019
-65.8777
-64.2798
-69.4946
-65.1514
-73.1238
-60.2869
-64.5081
-68.2507
-70.564
-68.4192
-70.4529
-77.7625
-82.0935
-95.2917
-93.7817
-106.562
-112.025
-105.925
-97.3413
-85.1685
-85.1306
-81.8457
-74.5398
-90.9253
-98.8086
-113.917
-141.658
-162.756
-191.32
-194.757
-169.374
-149.056
-130.306
-121.658
-122.488
-121.664
-132.156
-130.571
-129.541
-125.682
-128.857
-124.07
-128.477
-128.173
-127.358
-132.997
-129.652
-131.729
-124.26
-124.241
-123.203
-135.182
-149.036
-159.163
-156.559
-159.427
-144.27
-134.25
-139.099
-134.15
-125.273
-112.905
-104.502
-99.4067
-96.4185
-95.73
-93.5205
-92.9224
-92.1289
-92.2705
-94.0186
-94.5923
-94.0796
-93.147
-96.1108
-98.7549
-103.186
-108.828
-123.718
-136.174
-143.989
-151.333
-153.909
-151.16
-144.194
-143.513
-137.883
-137.815
-128.601
-123.323
-116.692
-107.656
-100.415
-96.1816
-111.704
-94.3188
-88.7012
-85.8862
-81.7578
-73.8794
-71.4062
-73.9575
-71.8457
-82.1265
-71.2109
-77.8882
-75.4053
-73.9795
-72.7344
-73.9941
-70.2393
-71.8823
-73.9478
-71.5332
-73.8525
-71.5747
-75.2222
-83.5718
-79.1943
-78.1543
-73.9844
-81.2549
-86.7944
-77.9761
-77.3071
-76.1987
-74.7852
-78.6963
-78.8184
-80.0195
-82.019
-82.6318
-75.4639
-72.4268
-84.1162
-78.4546
-72.2656
-78.3545
-73.3789
-76.1621
-70.2686
-68.5376
-75.5737
-73.2373
-75.8105
-73.7183
-71.8481
-69.8438
-84.4531
-80.7202
-81.9556
-73.3789
-78.4058
-76.9067
-78.4106
-76.5503
-74.2285
-72.0117
-71.0791
-73.4277
-69.8291
-74.0259
-71.3745
-73.1177
-83.5522
-85.0537
-75.9302
-70.5103
-74.2456
-74.0112
-80.1172
-77.0215
-73.7109
-77.4805
-71.9897
-63.5181
-67.5732
-66.2231
-68.1689
-67.644
-76.0449
-74.9902
-74.3408
-75.0977
-76.2329
