-92.3028
-90.0913
-102.702
-99.5162
-84.0108
-80.7626
-87.1813
-75.2976
-76.6522
-83.8227
-90.2975
-79.0445
-71.0597
-83.2817
-98.7817
-89.0793
-90.3891
-91.8199
-89.4829
-91.4145
-80.2345
-82.1732
-85.4684
-97.5584
-99.352
-92.3798
-89.8874
-91.2808
-85.6416
-81.9641
-85.9634
-87.8036
-91.3318
-93.3466
-96.3077
-109.877
-104.523
-101.396
-115.118
-120.475
-112.569
-107.31
-108.753
-106.181
-98.7079
-95.1706
-96.6556
-99.0103
-100.831
-103.172
-102.862
-100.825
-100.067
-103.511
-98.5553
-95.2533
-95.4163
-90.6616
-91.5546
-93.7646
-96.7188
-101.262
-102.581
-102.625
-102.465
-98.5791
-96.051
-92.7014
-92.5183
-93.3917
-92.193
-89.1925
-87.9712
-90.863
-95.7373
-92.2559
-90.7129
-88.8892
-88.8348
-90.8807
-94.2511
-96.1316
-97.5586
-100.899
-101.224
-97.478
-96.781
-96.6949
-102.768
-102.526
-112.468
-118.508
-118.615
-117.814
-118.386
-120.599
-115.252
-107.825
-100.268
-101.959
-103.102
-106.665
-107.193
-108.371
-105.367
-103.099
-98.8513
-92.4512
-89.2163
-87.0276
-87.041
-89.6838
-90.1221
-91.8311
-94.8645
-96.3403
-102.515
-104.489
-107.402
-104.739
-98.2825
-93.9478
-96.1194
-94.2517
-97.5842
-98.0627
-103.221
-104.81
-117.887
-124.716
-123.94
-110.332
-112.982
-103.502
-96.7004
-99.3579
-96.394
-98.1506
-92.3254
-90.6897
-88.1799
-88.8684
-88.9978
-89.2664
-89.9756
-88.2446
-89.884
-89.6509
-90.0195
-90.4333
-93.2336
-94.7974
-93.7659
-96.394
-98.1348
-99.6436
-102.686
-100.641
-99.5947
-97.5159
-99.6741
-104.1
-107.136
-109.447
-108.163
-108.619
-104.316
-97.7014
-97.6587
-94.5422
-95.6836
-98.2788
-101.449
-107.134
-104.022
-113.052
-111.152
-108.586
-104.393
-106.98
-104.553
-98.4729
-97.2314
-87.3401
-87.9834
-87.7625
-96.8323
-90.6274
-77.6526
-78.6951
-82.738
-99.22
-97.0178
-91.4355
-91.0901
-93.4644
-80.6372
-83.7451
-91.0327
-101.652
-108.156
-107.362
-102.507
-103.051
-103.461
-108.862
-111.503
-100.018
-93.0701
-85.5627
-97.3279
-86.8555
-79.3921
-79.1846
-79.7949
-77.5122
-79.3994
-77.9517
-72.1973
-71.189
-81.8506
-87.1289
-85.6494
-81.6138
-86.6357
-75.9644
-79.5386
-80.415
-75.9741
-75.0415
-75.4663
-70.7788
-72.7271
-75.1514
-77.8491
-88.5181
-93.6963
-91.7261
-91.7358
-97.3755
-97.7173
-100.906
-112.842
-99.1528
-98.7573
-102.607
-115.11
-120.61
-117.256
-116.15
-117.336
-102.935
-97.1875
-94.7607
-96.9653
-95.7764
-85.083
-82.3975
-74.0088
-69.3433
-71.311
-71.4062
-70.8838
-71.6333
-76.77
-72.0972
-83.3301
-92.7246
-95.8081
-90.1514
-83.5059
-80.6909
-84.8413
-75.4907
-73.4082
-74.8804
-71.6333
-66.5112
-66.0571
-73.5254
-69.397
-80.5371
-83.3594
-91.2769
-90.3564
-93.7427
-100.806
-106.311
-101.606
-96.0864
-97.8882
-101.597
-105.146
-92.1777
-87.8931
-76.8555
-75.6372
-82.3096
-76.189
-85.1294
-75.4883
-68.0664
-63.2129
-63.2275
-63.1055
