-74.1619
-77.6459
-92.7139
-105.626
-128.465
-135.168
-180.225
-188.317
-178.887
-140.981
-120.229
-116.759
-100.785
-92.4237
-87.8362
-80.2719
-85.9215
-76.9365
-73.4474
-64.5903
-60.9106
-55.2106
-57.5473
-52.3727
-55.954
-59.548
-59.4295
-67.9141
-70.3113
-84.4055
-78.8205
-78.2709
-81.2213
-67.0068
-69.8499
-65.2454
-57.7069
-64.725
-60.3302
-69.4843
-62.3849
-61.8884
-63.219
-62.3029
-65.3787
-64.664
-63.0692
-63.6264
-65.4337
-61.4587
-58.5138
-63.7567
-68.7631
-76.9125
-79.7287
-79.003
-88.9069
-93.1708
-96.2939
-99.2957
-103.01
-109.696
-112.436
-112.914
-115.938
-116.523
-105.485
-99.6094
-96.9244
-95.3021
-92.6947
-90.8209
-87.2528
-86.9183
-86.0931
-93.114
-108.342
-121.269
-127.525
-140.874
-140.74
-134.755
-125.642
-130.397
-151.754
-170.535
-190.829
-183.052
-173.849
-144.406
-127.921
-115.83
-108.92
-111.46
-119.416
-130.406
-135.314
-143.31
-146.21
-153.974
-153.546
-144.661
-144.412
-134.226
-129.307
-117.485
-124.559
-129.758
-124.735
-136.064
-142.328
-159.24
-166.343
-164.669
-153.23
-137.756
-133.229
-121.86
-113.187
-104.758
-101.957
-98.3862
-96.2109
-97.5085
-97.9407
-99.2896
-100.933
-102.452
-97.7173
-95.354
-99.2566
-96.6211
-99.032
-100.712
-104.286
-107.686
-109.785
-111.172
-111.013
-115.439
-114.166
-117.612
-116.217
-117.482
-117.925
-115.387
-112.415
-107.517
-109.149
-94.3408
-98.0334
-88.1201
-84.3835
-74.5361
-86.2524
-78.3264
-79.7339
-75.8923
-74.7974
-69.0198
-68.8464
-70.2734
-71.2207
-71.7603
-77.6135
-71.6003
-66.2988
-70.7056
-75.9155
-68.6572
-71.6418
-80.3223
-78.1201
-87.6428
-85.3479
-87.8479
-80.7288
-75.4358
-71.9287
-66.3721
-62.7393
-63.4729
-58.9734
-61.9421
-62.8479
-72.9236
-77.4377
-82.71
-78.1274
-72.7368
-77.0703
-69.718
-73.6987
-67.3828
-66.6907
-59.5398
-60.7935
-63.8037
-65.3479
-60.7263
-70.2319
-66.2927
-69.7375
-64.53
-69.8779
-69.5349
-68.2166
-73.6206
-77.5635
-75.321
-75.9399
-58.9124
-61.2549
-58.0115
-58.0322
-63.6035
-77.1606
-76.5869
-83.1152
-77.7246
-81.5503
-83.9966
-71.2646
-68.6963
-65.3223
-64.751
-66.4014
-52.9346
-58.8623
-58.0908
-93.6743
-78.9722
-81.5112
-88.833
-94.1602
-116.201
-129.709
-119.08
-103.794
-84.4751
-90.0269
-85.3687
-90.0586
-91.4136
-99.856
-104.331
-102.383
-98.4888
-78.4253
-88.5596
-94.2114
-85.0293
-77.8955
-72.3828
-72.8638
-75.7886
-67.9248
-69.4019
-64.5508
-60.8618
-55.8374
-66.5479
-66.106
-64.707
-69.0503
-78.7744
-73.457
-72.3145
-80.9424
-72.2778
-66.7798
-64.2334
-58.8525
-60.3198
-68.2642
-67.7734
-73.9697
-78.5669
-66.3037
-61.189
-63.3691
-64.9927
-72.4878
-66.7725
-68.7451
-70.3467
-69.5215
-67.3193
-82.9663
-87.251
-79.9341
-66.5015
-57.2046
-59.5605
-65.6763
-62.0996
-62.373
-65.7812
-69.3604
-63.3325
-61.6333
-53.5815
-55.061
-52.7393
-53.1421
