-129.049
-142.704
-143.315
-128.575
-108.102
-115.108
-151.262
-164.25
-163.122
-149.742
-151.83
-156.074
-155.124
-131.839
-116.561
-128.161
-138.768
-141.908
-141.454
-131.774
-130.409
-117.53
-126.986
-118.842
-109.696
-108.273
-101.322
-107.964
-119.487
-123.588
-132.834
-136.314
-137.693
-133.679
-138.014
-130.589
-128.816
-140.382
-148.585
-122.761
-119.213
-107.955
-112.296
-113.061
-124.115
-125.196
-115.953
-114.017
-100.332
-95.7685
-93.0102
-94.6524
-101.188
-101.877
-106.951
-100.759
-96.0307
-99.2622
-99.1099
-86.0076
-82.0796
-84.7236
-75.4651
-81.9119
-76.7593
-78.4864
-62.0683
-69.2695
-81.8906
-92.6009
-82.555
-78.7727
-70.0372
-81.632
-80.9912
-77.1277
-89.0244
-85.8354
-99.9338
-102.993
-81.2886
-80.5766
-97.24
-104.955
-105.327
-106.153
-95.8388
-88.437
-78.4628
-81.8708
-86.9422
-92.6602
-92.6155
-91.2202
-93.9902
-105.277
-108.972
-99.219
-97.0818
-94.2062
-90.2908
-89.1431
-92.5363
-97.1828
-107.466
-99.4219
-102.965
-103.987
-96.5164
-97.3067
-94.9343
-90.4505
-103.865
-83.1445
-77.54
-79.4663
-75.8789
-78.8467
-80.9209
-77.3159
-69.4687
-69.4644
-72.8584
-72.4453
-80.5854
-86.4449
-98.4947
-105.003
-102.661
-95.5386
-119.089
-102.816
-106.641
-107.938
-101.41
-101.747
-94.9526
-95.2691
-92.8799
-85.3199
-90.4555
-90.2945
-95.8492
-84.9756
-91.8311
-80.6118
-80.001
-77.9604
-78.2945
-70.3126
-78.1524
-77.9531
-73.2817
-77.2031
-82.1206
-96.4073
-99.7529
-108.193
-89.9561
-93.8262
-96.1128
-79.7124
-77.0756
-83.9677
-88.0913
-92.3027
-95.3144
-119.788
-98.0053
-76.5425
-73.6172
-81.7354
-84.8218
-85.5835
-89.146
-84.4658
-79.4546
-75.8876
-72.5567
-81.2798
-79.3901
-79.8296
-83.9063
-83.4244
-90.2242
-87.1758
-82.8691
-83.5502
-75.7266
-75.8701
-69.6958
-69.1099
-75.9726
-74.4624
-75.8657
-70.6933
-62.2471
-63.06
-68.3833
-70.1704
-71.2939
-63.4805
-72.0644
-72.876
-81.8848
-73.2173
-80.2046
-69.1172
-56.5327
-61.2422
-71.2573
-74.5723
-57.5933
-62.65
-56.5854
-66.4658
-58.7358
-66.0146
-68.1108
-60.7925
-61.7929
-63.101
-67.7402
-79.7959
-74.5063
-78.6372
-78.5069
-76.0972
-84.9097
-82.7768
-94.1352
-100.654
-90.2358
-86.0126
-88.4722
-82.125
-81.2608
-80.6968
-79.3697
-83.2823
-83.8037
-86.102
-85.6904
-80.3599
-77.54
-68.0596
-76.3638
-76.9702
-65.8301
-69.6533
-81.939
-87.3457
-87.0674
-79.3667
-70.1059
-68.8624
-65.6894
-68.4463
-68.8286
-82.4604
-71.7466
-79.0825
-78.4336
-80.6719
-66.0835
-62.6323
-63.772
-67.7872
-63.9961
-68.2998
-76.4443
-76.5175
-87.8437
-91.2598
-86.1533
-83.1768
-74.5225
-67.163
-64.834
-64.0547
-70.4414
-64.0986
-71.3525
-72.6563
-78.6884
-78.0352
-81.0469
-90.2256
-93.6299
-100.072
-90.7412
-95.2148
-86.4668
-80.7803
-85.1573
-85.9864
-71.7071
