-78.8121
-74.5503
-73.6785
-71.0202
-76.3026
-76.2313
-70.6423
-74.4267
-76.179
-77.8352
-96.333
-88.4254
-81.5994
-89.5881
-74.5655
-79.0402
-79.6371
-84.9881
-85.4578
-83.1105
-77.5737
-77.9803
-71.2128
-69.3137
-69.9077
-71.7421
-71.5718
-78.008
-82.5952
-68.2002
-71.8448
-73.7952
-83.8144
-85.5046
-90.7776
-89.7641
-97.3761
-109.597
-113.565
-109.987
-104.147
-86.8811
-83.5336
-79.8926
-76.0297
-74.0021
-80.7639
-82.4963
-78.1851
-72.2961
-91.2863
-85.4599
-87.4457
-89.2801
-93.4299
-98.5812
-101.157
-100.45
-99.6808
-100.717
-103.494
-101.481
-103.385
-108.55
-118.414
-125.939
-116.765
-113.749
-120.283
-115.237
-115.435
-110.602
-110.891
-111.88
-104.814
-103.787
-92.0831
-94.7095
-91.9727
-92.0093
-93.5559
-93.7805
-99.1461
-98.562
-103.188
-97.843
-98.6328
-96.4899
-95.8899
-98.3453
-100.871
-98.6334
-95.2356
-93.0646
-91.5973
-94.6973
-93.4113
-94.4012
-95.6836
-91.7737
-89.303
-88.1628
-88.7781
-85.0568
-84.3286
-85.8081
-92.7032
-94.0045
-93.0353
-93.1134
-90.2692
-90.8234
-95.0793
-97.6855
-90.5554
-97.5171
-97.6794
-95.4785
-96.8152
-98.5388
-90.022
-87.9065
-84.9133
-94.4922
-95.6787
-101.924
-96.7212
-102.472
-106.221
-103.302
-98.1909
-93.0261
-91.8176
-87.9224
-90.4688
-90.1001
-89.5337
-87.0569
-87.1497
-88.5217
-90.3394
-92.9382
-96.3074
-97.1594
-92.8003
-95.4675
-95.6567
-93.988
-94.2871
-91.1902
-95.0073
-96.3831
-100.515
-97.6648
-102.701
-96.7468
-93.5828
-87.9614
-90.0867
-85.437
-87.5525
-82.4194
-80.78
-78.7268
-78.4778
-71.355
-74.1418
-67.7136
-80.5701
-71.6809
-69.3677
-61.4771
-70.6543
-76.8176
-77.4829
-77.9028
-69.7424
-70.1978
-74.2224
-72.9443
-73.7939
-79.1748
-74.668
-86.355
-80.5518
-83.0896
-92.2119
-91.8823
-95.1917
-100.872
-112.198
-95.5688
-86.0449
-82.0142
-92.4084
-92.7502
-76.2012
-71.7468
-68.2361
-72.7454
-72.1851
-79.1211
-78.4998
-83.8574
-72.2949
-76.9153
-74.3616
-80.0806
-78.396
-75.1257
-83.8171
-84.9976
-81.0193
-78.4387
-72.605
-67.843
-80.2136
-89.6985
-98.4973
-90.4321
-89.5215
-100.743
-91.4172
-89.9744
-90.0171
-97.0166
-92.6111
-91.7236
-103.663
-104.116
-105.385
-104.883
-100.913
-104.954
-108.054
-108.696
-102.512
-102.4
-97.0337
-95.0635
-103.506
-106.36
-111.692
-107.358
-107.173
-110.076
-106.321
-107.104
-109.946
-101.577
-103.433
-99.2749
-97.8345
-99.7852
-94.1797
-96.3208
-98.8647
-101.125
-99.3481
-105.884
-105.271
-95.5933
-99.2822
-98.2837
-95.6445
-95.0513
-90.6689
-91.145
-96.3501
-102.812
-96.7798
-97.8345
-89.8511
-91.6455
-94.7363
-100.779
-99.9902
-96.936
-96.4819
-105.461
-103.401
-99.7827
-101.221
-98.396
-100.786
-98.2959
-111.431
-111.772
-109.763
-114.138
-120.371
-140.684
-130.352
-116.904
-96.1646
-103.752
-98.8818
