-53.854
-59.2145
-56.6618
-52.7636
-53.211
-55.4041
-53.0414
-59.5315
-53.205
-61.9295
-57.5447
-52.2113
-54.7034
-49.2652
-52.7076
-59.7277
-59.3888
-59.8525
-52.4597
-54.643
-54.4678
-56.3796
-67.7298
-65.5974
-72.2454
-64.2535
-68.1512
-52.713
-57.3638
-51.4157
-54.9446
-51.7008
-54.8398
-54.9157
-61.8338
-75.557
-76.7792
-80.8612
-81.5884
-85.4648
-87.2428
-87.4576
-80.9465
-78.6436
-73.4435
-74.7426
-69.0557
-61.6675
-59.493
-69.7207
-72.6149
-79.6315
-82.6465
-99.8266
-79.2173
-70.0324
-68.1386
-68.6521
-72.1051
-66.7837
-69.8012
-69.0766
-76.9003
-80.6748
-81.2549
-72.5387
-85.0972
-87.9415
-84.2611
-85.173
-89.3294
-97.8464
-90.4555
-91.0342
-90.2065
-90.5548
-76.2155
-78.6845
-76.8973
-66.3845
-67.2521
-69.3896
-69.8423
-75.1099
-84.7445
-86.1918
-85.0342
-87.1362
-86.4162
-80.2552
-88.9578
-79.927
-83.0324
-80.9202
-80.9802
-90.9749
-87.6263
-95.6345
-87.0118
-100.742
-94.853
-93.0323
-86.5532
-76.782
-79.8266
-71.5811
-64.2239
-65.5664
-63.2681
-65.3972
-63.5888
-67.1441
-63.928
-68.2984
-75.9419
-69.1992
-73.4934
-67.7695
-68.4602
-70.976
-66.9104
-72.1091
-64.4846
-69.5881
-69.5588
-70.3301
-60.8942
-53.3312
-67.875
-66.3779
-57.2447
-48.06
-47.0215
-42.0535
-40.3264
-41.907
-40.4663
-39.7976
-51.3252
-63.1956
-59.814
-48.8614
-61.07
-44.8747
-49.1573
-53.7824
-64.4736
-69.2358
-72.7398
-79.8413
-82.1616
-81.4123
-72.0835
-71.0339
-72.7793
-77.2522
-71.261
-75.5976
-72.0373
-73.842
-68.3335
-63.5164
-61.3792
-54.5383
-50.9524
-52.1646
-53.6909
-52.1184
-57.1604
-54.7148
-60.5244
-57.06
-52.8098
-62.3152
-52.3681
-59.5811
-63.1362
-60.5471
-62.1826
-58.6018
-53.313
-56.4404
-53.1752
-59.2764
-51.9565
