-53.631
-58.9916
-56.439
-52.5407
-52.988
-55.1812
-52.8186
-59.3087
-52.982
-61.7067
-57.3218
-51.9884
-54.4805
-49.0422
-52.4847
-59.5049
-59.1659
-59.6296
-52.2367
-54.42
-54.2448
-56.1567
-67.5069
-65.3745
-72.0226
-64.0306
-67.9283
-52.4901
-57.141
-51.1926
-54.7218
-51.4778
-54.6167
-54.6928
-76.1899
-81.7264
-99.7485
-86.7566
-84.0025
-91.7441
-92.3734
-90.9038
-86.5671
-89.0637
-83.5822
-86.8777
-88.6404
-83.6026
-78.2394
-89.5267
-108.936
-114.82
-117.636
-115.851
-105.403
-95.3778
-94.7226
-88.2901
-82.9443
-85.3952
-92.5537
-86.3275
-86.7014
-83.9993
-97.2839
-94.0131
-111.405
-124.649
-127.832
-123.925
-136.13
-133.312
-143.083
-161.896
-153.115
-142.854
-132.128
-119.795
-114.638
-106.379
-103.687
-100.028
-107.87
-115.544
-130.036
-138.144
-142.606
-128.909
-180.063
-107.044
-110.372
-112.397
-102.772
-99.8138
-95.7373
-96.5143
-109.305
-121.781
-174.16
-132.679
-113.163
-149.487
-109.895
-113.085
-97.8796
-91.0168
-82.4585
-80.6079
-85.6537
-90.0201
-86.6052
-96.8347
-101.375
-113.08
-112.067
-116.454
-117.738
-121.375
-132.487
-134.469
-136.632
-132.894
-120.177
-119.071
-122.087
-113.434
-102.557
-100.251
-103.715
-95.3198
-91.7773
-91.1133
-89.9377
-81.4978
-83.5413
-92.1204
-98.479
-104.147
-113.905
-113.16
-106.631
-101.042
-103.407
-104.44
-109.205
-102.705
-102.507
-106.01
-114.23
-114.717
-116.824
-106.373
-96.9849
-89.8669
-87.6526
-77.0288
-71.0376
-75.3748
-71.814
-73.6194
-68.1104
-63.2935
-61.156
-54.3152
-50.73
-51.9409
-53.468
-51.8958
-56.9373
-54.4922
-60.3015
-56.8372
-52.5867
-62.0923
-52.1448
-59.3579
-62.9138
-67.9285
-70.4358
-65.2966
-58.8879
-55.2527
-199.718
-88.4888
-1063.63
