-59.6902
-64.2613
-61.9769
-58.9108
-61.2337
-65.258
-60.9653
-62.2527
-69.4971
-80.816
-67.7261
-58.8656
-62.2906
-56.5757
-50.745
-63.9106
-65.0089
-70.0122
-70.6967
-62.2457
-66.2215
-62.8027
-67.5684
-70.8784
-77.0599
-81.5091
-103.234
-57.4586
-62.4469
-59.1504
-58.1616
-53.5599
-64.7502
-67.3973
-64.9208
-76.6348
-79.0829
-91.2759
-89.3463
-95.8786
-102.997
-100.919
-90.1108
-94.1058
-91.3742
-93.4268
-90.7568
-92.8137
-93.0795
-100.947
-123.372
-133.936
-123.076
-116.303
-101.983
-101.151
-97.0697
-83.0954
-86.0248
-85.6808
-92.4408
-82.1463
-88.8049
-86.4688
-91.3638
-85.8685
-94.7937
-110.992
-113.281
-127.604
-149.335
-158.701
-143.604
-129.316
-120.891
-119.268
-111.844
-106.545
-106.77
-109.153
-106.116
-110.583
-122.11
-140.918
-140.329
-137.693
-161.244
-142.96
-136.601
-123.505
-123.822
-109.855
-102.083
-102.7
-98.4985
-110.908
-114.514
-113.641
-134.669
-140.097
-110.692
-146.452
-119.551
-119.846
-115.886
-105.829
-77.8271
-75.2094
-78.1238
-79.906
-74.5813
-93.3911
-98.7573
-107.817
-106.277
-106.105
-103.254
-103.713
-110.743
-111.302
-114.523
-113.081
-119.341
-124.31
-122.743
-104.149
-94.491
-93.3069
-100.311
-94.2603
-94.3567
-89.4189
-92.9614
-87.7271
-92.1301
-94.834
-93.5864
-100.2
-107.988
-108.278
-103.649
-99.3604
-102.186
-96.4929
-97.6587
-99.2725
-94.6936
-97.4585
-97.8369
-99.4543
-104.678
-93.4998
-92.0825
-91.8066
-94.7388
-103.378
-148.378
-87.4707
-82.2375
-87.0483
-76.72
-76.9067
-70.8179
-67.6892
-56.3245
-55.2112
-50.8862
-59.8486
-63.4583
-62.8003
-66.0095
-67.7429
-67.7344
-65.3015
-59.8242
-72.0898
-61.0522
-64.2798
-65.6958
-63.7756
-68.4619
-63.5168
-60.8655
-58.8757
-58.0957
