-52.2733
-59.4377
-58.8241
-65.7921
-68.2267
-70.1815
-69.0897
-74.1256
-81.8873
-84.2901
-84.7094
-80.9319
-83.7231
-77.2517
-78.0405
-79.9091
-77.2752
-76.3565
-80.2663
-72.7066
-79.6271
-84.1385
-85.7204
-84.7447
-83.7776
-77.0857
-71.9318
-69.7798
-64.4098
-64.1148
-57.8683
-54.5401
-57.6683
-57.5914
-59.1917
-63.342
-65.643
-72.0102
-75.8539
-68.5397
-73.3807
-77.265
-65.242
-60.4773
-60.0629
-53.4351
-61.6528
-66.4664
-69.8663
-68.1604
-62.0844
-62.1982
-61.7416
-62.1954
-49.8431
-53.9084
-55.5167
-66.8777
-57.3611
-58.2407
-67.9523
-70.0604
-73.3133
-66.0406
-59.5773
-62.6419
-59.1721
-62.8256
-66.9907
-70.8063
-68.1793
-71.3623
-58.1091
-58.8925
-59.1422
-60.5472
-52.0245
-56.3879
-53.255
-56.0913
-57.0367
-60.0183
-70.2869
-69.234
-61.7584
-59.7131
-66.7328
-62.5421
-62.9199
-59.3085
-63.3411
-58.6542
-72.9163
-91.5588
-100.455
-109.38
-120.001
-129.601
-104.217
-85.9882
-83.1824
-72.926
-67.8235
-63.8147
-59.0643
-56.3635
-64.4208
-57.9327
-64.7345
-62.915
-65.827
-63.4387
-61.8811
-62.37
-58.2031
-59.613
-59.8938
-56.5326
-58.0463
-67.309
-73.7567
-89.74
-95.2393
-102.36
-106.256
-104.437
-105.973
-106.895
-105.329
-110.018
-111.422
-115.12
-109.086
-121.708
-121.22
-133.414
-129.855
-123.752
-115.87
-109.388
-111.754
-115.994
-128.621
-128.976
-129.757
-122.858
-110.87
-104.037
-105.914
-110.818
-118.586
-121.062
-132.405
-129.33
-133.673
-120.547
-110.946
-114.315
-119.44
-115.912
-115.184
-136.298
-137.526
-125.57
-120.862
-120.143
-116.501
-112.95
-109.646
-110.082
-109.269
-112.456
-117.195
-123.931
-119.119
-109.216
-113.307
-114.364
-123.486
-124.923
-130.012
-127.83
-134.907
-132.932
-139.187
-137.015
-137.49
-137.239
-133.049
-144.526
-154.313
-153.018
-144.528
-147.465
-157.433
-141.587
-138.822
-129.81
-130.774
-124.028
-123.417
-126.096
-137.499
-139.429
-143.761
-137.446
-129.512
-117.214
-115.013
-114.142
-113.239
-114.111
-109.319
-107.491
-102.941
-104.746
-105.566
-104.993
-105.452
-106.62
-110.083
-113.174
-113.647
-106.538
-109.685
-107.458
-108.21
-107.905
-109.702
-108.367
-118.196
-125.918
-124.592
-112.134
-93.1592
-86.1133
-75.5127
-71.9556
-74.6997
-65.083
-66.9336
-59.4556
-67.2217
-64.7559
-60.5347
-67.8442
-64.2285
-72.1167
-76.814
-80.3516
-73.3667
-69.9536
-66.9824
-61.1865
-57.4927
-109.69
-77.5146
-69.0332
-70.3882
-70.5396
-68.0664
-67.2461
-69.3726
-69.834
-63.1348
-68.5181
-67.8589
-66.3037
-64.0918
-64.3921
-64.8877
-58.645
-68.6719
-78.75
-77.8784
-76.6382
-71.0034
-75.769
-72.7979
-65.5688
-67.5659
-60.437
-62.7368
-63.1763
-59.7437
-75.6006
-60.5884
-62.0557
-58.1128
-66.9873
-57.0654
-64.231
-67.9224
-72.5293
-73.3643
-73.0127
-80.0244
-66.7261
-77.6367
-71.9873
-67.3486
-54.1235
-54.5337
-63.6523
-57.1362
