-71.2187
-82.8434
-94.0212
-89.9088
-88.2952
-80.1251
-82.5564
-77.3639
-76.2599
-84.2584
-77.426
-82.1963
-88.0921
-94.94
-89.9736
-89.4522
-81.9112
-77.2174
-79.061
-65.9638
-70.0132
-61.2155
-61.1237
-62.2914
-70.1132
-69.3895
-75.6289
-75.7778
-78.7586
-71.9825
-67.4917
-68.0266
-72.142
-76.6122
-74.0888
-77.1114
-75.3188
-75.1382
-59.5849
-60.0847
-67.445
-64.726
-72.7434
-61.2214
-61.4356
-61.7868
-66.4805
-72.1219
-64.6985
-69.167
-75.0652
-88.6626
-83.6689
-73.563
-73.9651
-72.8822
-64.136
-59.9322
-60.9024
-65.0852
-59.3141
-72.2318
-64.5992
-72.023
-59.5727
-63.5424
-58.6828
-88.1279
-92.8015
-99.3098
-111.132
-123.571
-118.537
-120.403
-124.622
-130.264
-138.22
-119.461
-113.29
-112.083
-115.756
-106.863
-101.626
-100.019
-98.9473
-94.5682
-98.1834
-94.9614
-102.515
-111.636
-120.122
-114.354
-119.825
-113.793
-117.519
-107.634
-103.842
-101.843
-98.7005
-90.3772
-87.4621
-89.321
-91.1477
-94.804
-98.554
-98.0676
-98.3687
-91.251
-92.2757
-93.1069
-94.5088
-102.721
-96.8664
-110.817
-112.014
-120.085
-127.028
-112.286
-118.323
-120.574
-116.564
-133.328
-123.534
-130.679
-113.405
-100.938
-87.312
-80.7496
-78.1531
-84.6563
-78.1392
-79.7204
-94.1939
-82.571
-87.0161
-87.4937
-89.4778
-82.85
-79.7131
-68.6982
-61.5014
-59.225
-63.6181
-81.6738
-90.041
-116.437
-126.923
-155.662
-192.1
-149.042
-127.144
-140.431
-122.369
-125.71
-131.183
-129.132
-139.872
-162.206
-166.885
-156.305
-137.33
-116.963
-118.695
-126.101
-121.94
-125.52
-115.551
-124.136
-145.427
-142.922
-135.386
-122.418
-116.483
-96.7177
-90.337
-91.147
-101.704
-120.774
-94.541
-89.7803
-85.6246
-89.0024
-99.4028
-101.29
-102.261
-98.2207
-100.856
-98.4917
-93.0469
-93.9478
-91.7666
-91.5337
-82.623
-95.9356
-95.3833
-105.189
-106.247
-102.048
-103.103
-112.708
-97.9819
-86.8594
-88.3051
-90.665
-92.5181
-93.186
-96.2226
-96.4805
-97.0429
-94.7447
-95.7539
-95.2661
-99.2754
-102.035
-103.305
-100.165
-99.0118
-95.209
-94.4443
-100.967
-107.867
-117.981
-142.89
-136.926
-119.859
-115.289
-119.804
-150.917
-108.031
-117.196
-107.332
-112.326
-115.066
-106.119
-102.318
-94.3418
-77.8315
-83.3174
-93.4394
-115.661
-113.118
-106.198
-87.5962
-105.271
-105.658
-107.865
-101.556
-98.7583
-95.4067
-122.132
-117.592
-116.628
-124.764
-126.311
-118.819
-131.159
-136.849
-132.002
-148.25
-164.584
-128.75
-110.174
-104.385
-112.313
-103.441
-108.894
-117.782
-107.956
-99.3809
-98.6719
-96.5683
-91.6582
-102.223
-102.404
-107.098
-110.247
-100.931
-88.9102
-81.3545
-74.3965
-71.9648
-79.2832
-78.334
-82.6142
-76.7168
-72.3018
-66.4628
-65.8154
-57.5069
-69.0644
-56.3525
-68.6396
-58.1514
-59.0303
-80.7451
-79.3886
-72.4366
