-70.9959
-82.6207
-93.7985
-89.6861
-88.0724
-79.9023
-82.3336
-77.1411
-76.0371
-84.0356
-77.2032
-81.9734
-87.8693
-94.7174
-89.7508
-89.2294
-81.6884
-76.9945
-78.8383
-65.7408
-69.7903
-60.9926
-60.9007
-62.0685
-69.8903
-69.1666
-75.4062
-75.5551
-78.5358
-71.7595
-67.2688
-67.8038
-71.9191
-76.3895
-73.866
-76.8887
-75.0958
-74.9155
-59.3619
-59.8618
-67.222
-64.5029
-72.5208
-60.9985
-61.2125
-61.564
-66.2576
-71.8991
-64.4754
-68.9441
-74.8422
-88.4399
-83.446
-73.3401
-73.7424
-72.6596
-63.913
-59.7095
-60.6793
-64.8621
-59.0912
-72.0093
-64.3765
-71.8002
-59.3497
-63.3194
-58.4601
-91.3391
-97.912
-105.072
-109.632
-122.945
-119.997
-120.154
-120.146
-127.186
-125.922
-128.987
-123.531
-116.879
-118.106
-113.321
-107.974
-103.879
-103.206
-103.862
-105.013
-104.715
-107.767
-113.375
-113.677
-112.897
-116.986
-116.2
-118.394
-112.938
-110.847
-106.149
-104.904
-95.6458
-96.2781
-97.0966
-98.7146
-97.8961
-100.861
-101.16
-99.4928
-95.9149
-96.8073
-99.4788
-98.6334
-102.163
-102.384
-110.109
-110.521
-118.107
-120.612
-115.046
-119.838
-122.766
-117.836
-127.762
-124.299
-127.225
-113.182
-100.715
-87.0886
-80.5273
-77.9297
-83.2959
-83.6462
-79.4702
-83.2556
-82.9016
-86.7932
-87.2705
-89.2554
-82.627
-79.4897
-68.4766
-61.2793
-59.0027
-63.3948
-86.5649
-102.074
-132.675
-156.431
-171.593
-184.287
-163.817
-137.275
-117.169
-109.692
-105.364
-105.725
-106.711
-114.097
-127.993
-144.36
-140.812
-139.68
-143.726
-149.762
-156.66
-147.886
-171.525
-158.586
-140.201
-122.36
-129.899
-126.273
-122.159
-116.83
-111.268
-104.528
-99.6313
-97.8101
-100.129
-101.591
-101.323
-100.834
-101.377
-105.092
-113.751
-115.496
-113.746
-107.445
-102.914
-93.999
-90.8691
-88.3923
-88.075
-89.2993
-91.1328
-95.1379
-98.5522
-111.808
-118.536
-127.949
-131.077
-119.857
-110.986
-106.265
-105.525
-105.426
-105.303
-106.24
-105.454
-105.571
-105.371
-107.249
-107.981
-112.922
-113.015
-113.777
-110.422
-109.146
-108.274
-107.927
-111.836
-116.15
-121.831
-126.431
-125.212
-118.127
-111.572
-108.787
-109.07
-110.698
-113.547
-111.494
-112.676
-110.576
-107.153
-103.362
-97.4976
-94.3481
-93.6133
-93.9478
-95.0806
-94.3677
-91.875
-92.0288
-94.2969
-97.0459
-98.1079
-97.207
-95.376
-96.1108
-111.467
-112.72
-113.987
-108.027
-106.824
-104.944
-118.381
-119.043
-126.335
-132.693
-151.938
-128.528
-109.951
-104.163
-112.087
-103.218
-108.669
-117.561
-107.734
-99.1577
-98.4473
-96.3452
-91.4355
-102
-102.18
-106.875
-110.024
-100.708
-88.689
-81.1328
-74.1724
-71.7432
-79.0601
-78.1104
-82.3901
-76.4941
-72.0776
-66.2378
-65.5908
-57.2827
-68.8403
-56.1304
-68.4155
-57.9272
-58.8086
-80.5225
-79.165
-72.2119
