-75.0951
-75.5009
-75.0688
-75.2156
-75.3549
-73.8184
-80.3966
-73.1419
-74.3516
-85.6421
-93.1965
-93.9686
-88.0794
-84.3056
-82.7438
-75.9027
-74.554
-67.5992
-74.9713
-89.7397
-81.8112
-89.3965
-81.1162
-76.624
-81.371
-75.5991
-78.3632
-77.0277
-83.7491
-67.5269
-78.0875
-67.2273
-73.0629
-71.2674
-74.234
-76.8723
-81.0172
-85.3043
-80.874
-88.8846
-87.8488
-89.4601
-90.7904
-92.5449
-90.3366
-91.618
-92.695
-96.7377
-99.9985
-105.536
-104.104
-106.153
-99.4742
-98.9783
-110.225
-110.437
-96.9003
-95.4718
-80.8481
-78.5693
-82.7594
-78.2739
-83.7439
-85.5945
-90.73
-92.597
-91.7511
-87.392
-106.296
-99.6796
-101.791
-104.377
-103.69
-95.8801
-91.7542
-84.8254
-82.4469
-78.1989
-77.8479
-76.3824
-87.4414
-77.97
-70.7123
-62.5604
-65.8069
-71.4282
-75.8191
-92.4731
-95.0458
-100.988
-100.712
-105.195
-99.7339
-97.1582
-93.9838
-90.271
-91.3354
-89.8615
-92.1118
-95.4272
-95.6647
-92.2461
-91.4825
-94.8431
-95.05
-91.7053
-88.8062
-88.1744
-89.4678
-88.9038
-89.4373
-90.4028
-93.6694
-95.3839
-100.399
-99.3909
-103.386
-103.725
-95.3223
-94.5044
-98.9624
-102.974
-106.123
-109.88
-116.73
-115.582
-111.58
-113.718
-115.891
-119.618
-118.391
-120.919
-109.562
-105.863
-99.8828
-99.9585
-95.8472
-93.3936
-91.3025
-91.4221
-91.1182
-91.1108
-92.6709
-92.6624
-90.4041
-92.0776
-93.6523
-104.221
-108.278
-109.064
-105.321
-103
-96.9666
-94.5203
-96.2695
-103.187
-102.625
-101.881
-104.958
-110.409
-107.426
-111.354
-109.053
-110.759
-107.599
-105.698
-108.457
-99.762
-98.8489
-98.0359
-95.52
-97.1289
-95.9814
-101.404
-104.088
-99.6008
-97.5903
-94.1577
-92.7722
-91.0962
-91.6052
-94.0417
-96.2549
-97.9761
-97.2595
-97.2717
-95.0037
-97.0703
-95.1672
-97.0837
-92.5769
-93.8501
-93.5486
-95.9668
-98.4668
-101.484
-107.258
-105.573
-106.262
-106.649
-114.442
-111.37
-105.828
-99.3945
-95.8936
-95.8118
-94.5435
-92.8247
-92.1277
-90.3687
-88.9136
-93.7952
-95.4163
-94.7705
-95.3088
-94.5776
-95.8289
-96.3904
-97.9431
-95.8801
-101.248
-108.962
-117.981
-109.563
-106.089
-100.183
-101.355
-101.216
-103.506
-107.744
-110.681
-109.531
-103.833
-99.0845
-99.5532
-94.9683
-99.1431
-99.5898
-105.696
-111.917
-116.23
-115.339
-107.207
-100.679
-99.519
-101.848
-92.8027
-85.0439
-88.667
-92.1948
-81.1621
-85.9619
-84.0234
-92.8931
-93.3496
-88.7305
-94.1968
-95.7227
-94.0649
-95.979
-102.236
-100.925
-105.12
-104.102
-101.785
-97.4854
-92.6807
-93.9746
-88.0591
-108.435
-100.339
-106.182
-112.122
-120.442
-119.08
-117.151
-105.576
-102.595
-104.866
-107.468
-111.758
-112.461
-116.56
-113.726
-106.685
-98.3667
-97.5684
-93.0518
-94.0527
-93.3569
-89.707
-83.4961
-82.4951
-83.3423
-91.0034
-90.4956
-97.5366
-87.8442
-86.6187
-83.3594
-75.3027
-80.2466
-77.6807
-74.0894
-76.7627
