-92.3063
-87.8951
-86.9225
-94.0527
-92.9089
-94.8734
-101.793
-120.153
-120.168
-124.192
-117.459
-116.155
-108.999
-103.581
-92.1823
-88.1621
-82.4963
-74.9693
-67.887
-64.8705
-71.9371
-64.3863
-71.7694
-64.8271
-71.6614
-67.8172
-69.4121
-66.4159
-74.1757
-70.4596
-70.7126
-77.3889
-77.1658
-80.4443
-76.8954
-85.7645
-87.8806
-89.072
-86.4658
-86.2973
-93.1644
-110.775
-141.851
-153.334
-180.417
-181.977
-165.257
-131.504
-119.516
-114.841
-110.345
-108.874
-110.709
-115.123
-112.466
-112.076
-113.774
-109.641
-109.271
-108.785
-110.355
-108.901
-104.521
-101.996
-93.4735
-91.7474
-81.6925
-81.6943
-83.656
-91.084
-83.4265
-82.207
-80.7306
-77.2369
-73.9636
-72.0911
-73.1561
-76.3806
-77.6093
-77.8955
-78.9362
-77.4738
-73.3142
-96.7279
-98.8434
-106.942
-115.209
-126.268
-135.912
-149.263
-144.751
-142.128
-122.521
-115.684
-114.939
-117.675
-125.039
-135.656
-135.712
-140.211
-142.872
-135.542
-126.591
-120.699
-113.909
-102.284
-98.2434
-101.577
-119.285
-146.488
-168.439
-186.359
-202.582
-182.74
-157.466
-146.562
-138.197
-132.611
-130.735
-126.208
-139.139
-156.449
-184.554
-179.679
-224.83
-206.827
-181.654
-136.7
-128.668
-121.671
-118.805
-108.701
-114.945
-107.598
-104.06
-102.01
-108.881
-107.723
-111.364
-110.007
-111.128
-106.426
-105.919
-110.11
-117.545
-112.733
-116.671
-117.781
-114.27
-112.515
-106.337
-108.049
-111.318
-132.064
-134.105
-149.207
-157.828
-154.813
-137.618
-127.419
-130.819
-128.806
-126.899
-132.841
-126.785
-127.092
-122.355
-128.844
-129.813
-129.851
-128.817
-129.98
-122.919
-115.736
-116.178
-121.815
-137.782
-163.254
-164.601
-171.707
-153.472
-125.479
-109.846
-106.797
-107.786
-110.43
-106.401
-107.109
-105.581
-107.917
-109.434
-110.171
-115.403
-121.094
-129.985
-129.219
-133.489
-127.117
-126.47
-130.349
-129.192
-137.122
-137.422
-138.982
-124.719
-118.73
-113.979
-107.537
-107.686
-102.603
-102.102
-104.753
-103.87
-86.377
-79.2407
-76.1572
-73.3936
-69.6484
-71.9873
-62.478
-58.7646
-72.4023
-67.2925
-70.8984
-65.2197
-74.7656
-74.6899
-72.7002
-64.9902
-59.7412
-64.3042
-62.1338
-71.5894
-64.4824
-70.6494
-68.1885
-67.3999
-71.9629
-73.7158
-76.8164
-78.6157
-73.2837
-77.7417
-64.6802
-69.4849
-73.4644
-72.3706
-68.9966
-75.1929
-63.6597
-66.3501
-70.6348
-71.2085
-71.5381
-74.1455
-69.8779
-74.7437
-69.541
-69.436
-56.2866
-63.8379
-60.9595
-64.6338
-56.5234
-61.6846
-58.4937
-61.333
-62.2095
-66.8628
-64.8022
-65.835
-68.0566
-63.7427
-69.2603
-62.2437
-77.6929
-66.3721
-66.2988
-83.7695
-83.9185
-95.4321
-88.9551
-89.9658
-75.5664
-85.6665
-75.7764
-79.0991
-58.8672
-60.3491
-58.2886
-60.9912
-66.1426
-66.7041
-66.582
-65.7495
-61.6846
-51.0303
