-102.488
-103.534
-111.122
-108.6
-104.346
-99.165
-96.1946
-99.1113
-102.407
-104.759
-95.1533
-89.7188
-83.7589
-79.3848
-85.8075
-91.6428
-91.2505
-91.1584
-103.871
-121.608
-141.52
-178.271
-186.952
-184.019
-165.199
-150.403
-134.147
-123.449
-123.187
-119.606
-128.139
-125.134
-126.153
-119.408
-118.039
-113.872
-111.733
-109.2
-114.703
-111.464
-112.456
-117.267
-125.624
-131.679
-134.25
-139.932
-154.918
-142.645
-129.529
-121.262
-135.931
-150.187
-168.364
-181.237
-183.058
-153.728
-135.134
-127.648
-124.927
-115.777
-112.435
-103.294
-95.6708
-95.3406
-94.3915
-96.7603
-95.3864
-97.8656
-100.984
-103.343
-108.977
-111.447
-112.607
-107.231
-122.578
-146.573
-155.985
-159.484
-165.527
-161.03
-164.204
-175.727
-167.192
-173.068
-167.93
-163.937
-138.904
-126.558
-145.034
-159.806
-175.298
-179.242
-182.281
-168.571
-166.019
-151.326
-138.967
-120.439
-118.872
-118.486
-117.01
-119.756
-132.584
-150.913
-155.037
-157.736
-169.031
-185.355
-163.101
-163.945
-158.848
-172.35
-159.68
-159.432
-174.429
-183.793
-178.208
-148.002
-130.148
-122.3
-115.638
-102.303
-101.968
-108.053
-110.5
-110.336
-112.751
-111.553
-112.341
-112.983
-121.09
-127.506
-127.167
-130.243
-138.564
-145.204
-165.229
-182.281
-175.161
-172.776
-162.031
-139.845
-124.263
-116.152
-110.54
-107.982
-108.348
-110.43
-117.399
-118.956
-131.611
-141.702
-142.657
-141.718
-148.049
-151.523
-135.183
-124.326
-112.527
-108.035
-107.698
-105.491
-101.201
-97.1875
-100.027
-102.759
-105.234
-108.757
-113.027
-133.533
-142.849
-156.948
-154.133
-151.57
-138.423
-125.007
-125.339
-119.304
-112.539
-103.85
-92.9199
-87.0068
-74.0161
-67.8638
-70.0513
-61.9727
-61.9458
-62.002
-60.249
-61.936
-67.2388
-62.8784
-66.7505
-63.5815
-65.481
-63.8037
-64.9121
-64.2603
-61.2793
-68.8184
-67.4487
-66.084
-62.146
-64.1309
-71.167
-72.3999
-62.5513
-67.2827
-62.0142
-61.6504
-68.7305
-66.062
-74.0918
-73.4717
-69.7437
-69.8462
-64.9585
-63.0054
-69.1479
-67.5415
-67.9639
-76.6431
-74.5801
-73.3081
-64.8657
-63.5107
-64.646
-77.0703
-65.3198
-73.0127
-73.5815
-66.7017
-66.5039
-78.2227
-88.2666
-86.7236
-81.9043
-79.2505
-77.9321
-69.4214
-65.249
-67.2168
-69.7583
-60.7397
-66.0596
-68.6279
-66.0425
-79.8511
-91.2524
-95.0293
-86.2354
-87.9346
-80.1074
-74.3066
-72.9565
-67.9565
-70.5029
-68.7573
-61.5308
-69.3188
-67.4316
-64.6338
-75.2124
-67.7246
-67.4097
-76.1084
-68.7524
-76.9922
-73.9819
-73.0664
-70.7715
-68.335
-68.3374
-72.2144
-64.6387
-71.9531
-75.2832
-71.9775
-69.1455
-85.1245
-83.3032
-78.7817
-80.1904
-82.2021
-75.9009
-74.3237
-73.1226
-75.6592
-67.1606
-74.3506
-73.5229
-79.8315
-74.6191
-76.6431
-65.1294
-69.4019
-74.6191
