-70.4616
-76.875
-75.3038
-81.2586
-72.1622
-65.9508
-66.546
-70.5208
-68.2246
-74.6852
-72.857
-73.5763
-74.037
-76.065
-70.437
-77.7311
-76.6384
-73.7845
-78.889
-73.3834
-88.1894
-77.6815
-73.5454
-69.9234
-83.93
-83.6146
-74.1344
-78.3946
-82.9693
-73.7818
-74.1636
-68.5306
-79.2824
-98.2823
-101.539
-99.7249
-118.319
-122.532
-112.662
-125.296
-112.203
-103.154
-99.5936
-102.539
-100.39
-97.5388
-92.2741
-95.636
-90.464
-89.9088
-99.6028
-97.5523
-101.2
-95.7748
-94.4056
-92.4386
-96.3032
-101.224
-98.6114
-105.105
-118.038
-105.577
-104.963
-121.316
-111.306
-112.192
-158.534
-146.126
-143.492
-140.474
-131.294
-99.3106
-107.185
-102.866
-105.968
-106.537
-129.998
-137.371
-125.305
-120.721
-141.91
-123.986
-136.541
-154.294
-158.242
-144.232
-131.822
-121.585
-120.422
-120.497
-125.113
-125.521
-126.446
-142.289
-133.657
-119.246
-111.146
-128.624
-113.86
-112.906
-97.2817
-95.6821
-98.2097
-94.1646
-86.346
-85.7131
-82.8354
-88.5446
-89.0192
-90.022
-98.1922
-107.023
-105.303
-100.008
-95.447
-89.7832
-91.9307
-94.0027
-105.804
-89.7766
-101.107
-106.371
-115.307
-103.131
-97.2524
-96.7866
-87.0059
-80.2309
-86.4756
-82.3492
-84.2358
-88.3638
-83.9971
-78.0748
-76.3126
-69.1714
-69.7427
-70.6084
-76.7417
-80.6279
-83.023
-82.3784
-85.2114
-87.1933
-90.0175
-96.9976
-101.307
-115.441
-116.789
-120.605
-102.659
-108.322
-110.691
-126.456
-136.219
-136.612
-119.676
-113.631
-129.862
-143.268
-109.024
-118.058
-139.484
-129.596
-143.47
-119.269
-103.972
-95.666
-91.4634
-116.251
-115.15
-113.029
-113.394
-109.605
-115.282
-113.963
-107.814
-104.256
-104.437
-118.335
-118.368
-170.614
-132.974
-171.698
-155.035
-126.312
-125.894
-112.392
-121.14
-120.636
-111.56
-118.676
-124.454
-121.978
-118.944
-109.389
-111.703
-121.505
-100.32
-103.563
-101.726
-94.5132
-81.8042
-67.1646
-78.2226
-81.0762
-90.1567
-96.4292
-84.5215
-77.3803
-76.2744
-71.8492
-72.3941
-71.165
-78.5039
-80.3482
-75.3545
-84.4628
-85.2128
-84.6328
-86.2559
-83.7071
-83.0449
-84.3868
-85.273
-90.0835
-68.2471
-68.3408
-70.85
-66.8803
-67.5878
-70.5616
-74.7598
-74.7071
-87.7061
-90.5303
-98.6132
-88.9571
-99.211
-110.856
-114.293
-103.756
-102.653
-97.5396
-90.3868
-87.9258
-94.0195
-96.3896
-97.8047
-94.8398
-94.163
-97.749
-89.7626
-88.2392
-93.4219
-94.2158
-103.837
-89.4463
-88.9687
-96.0967
-99.0908
-103.099
-102.434
-100.307
-89.0244
-89.7071
-85.7842
-84.038
-91.9717
-87.9258
-91.4268
-95.3291
-106.38
-100.682
-100.189
-95.4374
-95.291
-111.633
-125.528
-131.116
-119.443
-110.616
-84.1465
-86.8183
-78.1465
-84.3575
-73.0693
-71.3116
-76.2334
-78.8789
-79.3126
-87.8614
-89.5547
-91.1514
-88.585
-90.9433
-78.2813
