-71.8963
-77.3186
-77.2682
-74.4565
-79.1467
-75.3796
-73.8781
-77.0682
-78.2437
-77.1959
-74.416
-83.3098
-95.1312
-92.9614
-98.3464
-96.3264
-98.4892
-100.084
-109.641
-96.1551
-100.914
-100.131
-97.588
-87.0659
-89.8625
-86.967
-84.3994
-85.5931
-90.4152
-89.9876
-88.06
-88.1583
-94.343
-86.9025
-75.8026
-74.693
-75.4419
-83.754
-78.9633
-83.2303
-72.8635
-71.879
-74.9658
-72.8635
-77.7292
-66.2177
-69.2191
-70.7239
-81.4401
-84.2627
-90.365
-89.53
-94.4278
-92.8021
-92.0294
-90.614
-92.2012
-89.039
-90.7971
-92.6392
-100.304
-99.859
-96.7792
-92.6282
-88.2861
-86.3391
-86.3367
-85.2698
-84.3884
-87.4438
-90.8478
-93.7439
-94.4501
-95.069
-94.0845
-96.5637
-96.4124
-96.8207
-92.1472
-93.3228
-90.8765
-89.8474
-86.5265
-88.5388
-88.0823
-86.944
-87.0471
-87.3761
-91.8353
-94.5123
-94.8749
-91.8164
-94.0112
-97.8503
-93.9081
-92.4786
-87.8833
-81.5375
-82.8351
-78.0524
-72.0221
-73.9105
-67.3132
-70.1489
-78.6688
-69.1974
-76.5399
-75.5151
-84.35
-88.7128
-87.843
-91.0272
-87.5793
-88.2819
-91.4349
-90.849
-91.156
-88.5065
-93.1445
-92.7686
-93.1055
-93.6841
-93.3569
-88.1116
-91.6064
-90.3284
-98.1189
-113.242
-151.577
-162.83
-136.848
-122.776
-114.564
-115.643
-101.569
-94.2883
-92.8784
-90.0623
-81.5002
-75.5872
-74.0723
-77.1802
-77.9309
-80.3088
-80.7166
-78.3984
-89.3958
-88.4338
-98.0359
-104.797
-108.11
-125.337
-121.565
-121.533
-113.9
-124.896
-118.098
-108.558
-102.012
-100.579
-95.0159
-92.7087
-92.1301
-92.0923
-89.3311
-89.1724
-95.1233
-98.4485
-100.822
-100.331
-96.1987
-96.7957
-97.3853
-103.636
-109.731
-114.266
-113.196
-107.49
-111.682
-113.55
-107.985
-103.304
-96.8762
-101.169
-95.293
-84.2517
-81.3367
-77.7209
-72.3511
-69.2371
-79.9231
-77.2339
-91.3806
-99.5959
-117.156
-122.213
-136.118
-136.072
-137.443
-110.889
-97.6428
-89.1956
-85.4285
-86.3916
-96.3403
-98.7183
-102.483
-97.3376
-90.6567
-84.9646
-77.1924
-78.0371
-75.2344
-77.4976
-81.2695
-84.5239
-90.3918
-89.6008
-90.6421
-81.3831
-77.2449
-73.9453
-77.5146
-74.7119
-75.6128
-69.5044
-65.1807
-63.4009
-65.9814
-67.4561
-76.0059
-76.7041
-87.1216
-86.8872
-85.6641
-83.2275
-75.1221
-75.1489
-71.3745
-78.8892
-75.1318
-85.0171
-84.9878
-77.7319
-76.3696
-81.9116
-74.9927
-84.2017
-89.231
-73.1738
-83.7402
-78.4009
-80.3516
-85.2197
-86.9263
-96.6235
-94.5898
-96.1987
-90.0049
-94.6826
-95.2563
-88.9453
-75.7788
-71.1426
-75.9106
-65.5078
-83.8135
-82.2437
-81.3525
-77.0752
-76.687
-79.0186
-79.1064
-90.3198
-91.5405
-86.9458
-84.6875
-82.6001
-98.6987
-95.2393
-93.7598
-97.5
-93.5547
-93.1323
-85.1514
-77.6978
-74.9072
-65.8813
-72.1094
-87.2461
-87.6196
-89.6094
-94.9243
-94.2822
-99.4385
-99.856
-94.4043
-95.9229
-97.6807
-97.9419
-98.3472
-101.89
-97.2095
-92.7759
-104.792
