-69.3494
-80.2375
-89.3998
-92.0546
-91.0135
-91.79
-89.3215
-93.7384
-92.9821
-79.8064
-85.4692
-77.7425
-87.0431
-89.1089
-90.1456
-90.9106
-93.1322
-99.2476
-103.461
-105.603
-96.2206
-91.7746
-89.4157
-85.0319
-84.0392
-84.9373
-82.8964
-87.3433
-88.3243
-87.1423
-82.1762
-86.3791
-81.832
-86.5436
-76.8237
-83.9655
-76.1154
-82.923
-82.1088
-85.1123
-85.7629
-88.7979
-87.3944
-82.7618
-81.073
-82.6404
-79.0884
-80.9698
-83.136
-83.7582
-79.6869
-72.6141
-78.2269
-85.6946
-83.0682
-80.2521
-87.258
-88.1558
-92.868
-86.8854
-88.9612
-87.7289
-94.2334
-95.9259
-92.1796
-86.8823
-85.8472
-79.2542
-84.4
-80.7288
-76.3324
-79.5856
-86.355
-80.4401
-77.5647
-74.1632
-81.0187
-77.0312
-84.505
-89.1602
-90.9924
-80.6018
-89.2566
-72.2278
-78.064
-80.321
-80.4578
-78.1482
-81.272
-87.9205
-83.6328
-88.6523
-91.0474
-95.0409
-86.7316
-89.0503
-85.7031
-89.6295
-89.436
-91.449
-99.4269
-98.4607
-93.9978
-92.3816
-92.4316
-94.8529
-92.6294
-92.3541
-97.3267
-94.3219
-92.9077
-94.7821
-92.8381
-96.2933
-98.0927
-102.027
-95.3302
-93.5541
-92.2974
-84.6167
-80.6616
-91.3171
-89.1003
-90.4309
-89.5544
-92.4133
-87.771
-90.0891
-85.1282
-78.9636
-79.5923
-78.5889
-80.1868
-83.8855
-84.8328
-89.4604
-84.7766
-84.1553
-84.281
-87.135
-80.8936
-83.8574
-77.1143
-90.2161
-90.0195
-90.1489
-81.8054
-93.6377
-82.4731
-84.7205
-82.4976
-89.2419
-92.2559
-96.4905
-95.1685
-98.6035
-101.987
-102.474
-101.124
-95.7019
-92.1545
-75.1306
-72.157
-72.854
-55.686
-66.3635
-72.8943
-69.5496
-71.1011
-78.5571
-116.794
-107.151
-100.605
-100.98
-97.76
-90.6714
-97.3254
-86.8176
-86.3745
-81.3489
-77.7637
-73.1006
-74.8022
-76.2598
-76.6772
-78.0505
-83.1104
-85.1843
-79.3457
-82.6208
-90.0708
-95.1709
-94.6619
-86.3147
-90.3357
-87.6355
-88.2727
-87.915
-84.939
-81.3477
-80.4553
-75.0647
-81.543
-78.9734
-73.9502
-79.8193
-85.3113
-85.2319
-88.8977
-85.8618
-79.6436
-77.3535
-82.0825
-76.5918
-70.3796
-66.8054
-66.5186
-82.9956
-84.4971
-86.0364
-80.2649
-77.3157
-67.9004
-79.4373
-83.8586
-96.134
-99.281
-101.55
-97.9541
-91.5576
-90.1855
-98.7671
-86.9751
-85.5933
-66.77
-70.5286
-77.4463
-89.0454
-97.0361
-113.987
-94.3408
-93.8501
-84.1089
-84.8047
-74.3359
-79.5117
-84.0552
-86.0229
-70.437
-57.8174
-61.1304
-60.5127
-64.0942
-76.7188
-79.5483
-80.9204
-86.1987
-84.0088
-79.5801
-109.651
-105.408
-79.6313
-78.5669
-81.0522
-87.998
-78.2837
-70.0098
-77.6709
-72.4023
-78.2642
-85.708
-92.085
-82.1704
-91.8311
-89.812
-90.9155
-81.4233
-80.9082
-78.6353
-77.6123
-81.1572
-76.4941
-71.5039
-68.6523
-62.7466
-65.6006
-69.6655
-62.915
-65.3271
-58.9648
-58.3789
-59.1992
-63.7402
-71.6553
-69.1211
-72.0459
-70.3027
