-74.8906
-77.6326
-84.4799
-75.067
-87.1676
-80.1791
-81.5145
-82.9525
-91.7645
-80.7394
-85.9605
-62.4741
-71.6129
-77.4612
-76.5365
-84.5599
-81.6333
-92.7739
-88.86
-94.2874
-91.4622
-102.585
-102.002
-99.3733
-90.0143
-83.8173
-79.0767
-75.9238
-79.2302
-84.8865
-87.245
-86.2729
-87.8293
-75.5945
-80.1187
-75.051
-77.5864
-74.6124
-79.1107
-81.1789
-81.9296
-79.9109
-74.2133
-73.3328
-73.8354
-69.0326
-67.8723
-85.4269
-86.3577
-86.3416
-82.5653
-84.4244
-87.2192
-87.4432
-85.6168
-86.8387
-82.8311
-79.3094
-76.1115
-75.3506
-80.8276
-77.2238
-78.5123
-86.9733
-81.1902
-84.2273
-78.009
-76.4111
-78.3008
-74.0955
-79.0021
-83.465
-84.6161
-80.9454
-87.3718
-82.807
-88.407
-78.6737
-80.4596
-85.1129
-85.6927
-98.2745
-108.978
-116.044
-119.776
-129.367
-126.831
-117.908
-111.519
-101.241
-99.3738
-92.7942
-87.2906
-83.8818
-86.9867
-80.3772
-80.9497
-75.0812
-62.6068
-70.4791
-74.903
-73.9185
-80.8746
-75.3784
-87.6501
-99.8224
-110.616
-117.889
-131.172
-132.448
-116.605
-112.36
-118.174
-140.993
-136.103
-142.049
-142.302
-152.002
-129.497
-133.315
-132.987
-129.584
-109.825
-105.996
-100.585
-101.466
-111.747
-124.51
-129.27
-120.317
-127.871
-123.618
-116.132
-109.279
-113.427
-120.819
-132.076
-123.423
-151.556
-126.206
-119.08
-120.344
-117.771
-119.865
-124.524
-132.417
-131.593
-119.135
-116.499
-103.833
-95.1318
-91.2659
-90.4358
-87.0276
-94.4006
-88.103
-95.4834
-92.2668
-95.9912
-91.7542
-98.3801
-103.151
-111.318
-114.338
-113.835
-111.918
-113.395
-109.799
-112.72
-119.427
-123.931
-123.846
-130.112
-131.493
-128.661
-117.975
-110.703
-109.9
-111.979
-117.321
-124.041
-148.262
-174.279
-191.873
-188.281
-151.343
-122.256
-116.418
-120.881
-110.996
-113.015
-107.887
-105.342
-102.102
-99.574
-112.728
-112.502
-115.867
-103.467
-105.636
-99.6216
-98.2336
-103.804
-100.437
-106.331
-102.322
-105.75
-101.321
-99.3823
-96.7358
-98.8501
-98.4497
-100.889
-107.305
-101.66
-103.013
-105.095
-111.816
-115.271
-124.27
-128.73
-142.305
-131.87
-129.404
-117.002
-111.313
-109.575
-110.769
-109.216
-111.533
-114.116
-113.479
-118.474
-116.76
-116.956
-113.979
-127.715
-128.948
-122.556
-108.418
-96.5356
-96.1694
-99.2993
-95.2051
-95.3979
-94.5972
-97.2778
-95.1489
-97.0532
-97.312
-106.411
-107.847
-112.009
-112.825
-115.049
-118.408
-122.832
-112.251
-106.355
-99.7266
-105.361
-100.623
-98.5254
-107.354
-105.679
-105.129
-97.8564
-100.181
-94.0234
-100.139
-97.7417
-102.534
-99.7754
-108.628
-108.364
-106.204
-100.266
-98.2959
-97.2852
-103.157
-110.186
-108.665
-115.09
-104.761
-104.492
-104.885
-101.465
-103.784
-104.224
-120.112
-122.786
-131.797
-134.116
-136.843
-141.711
-129.182
-128.594
-118.401
-112.783
-110.425
-101.812
-94.5288
-93.772
-94.9658
-89.519
