-104.247
-97.3272
-91.309
-95.9669
-95.5904
-99.516
-96.4638
-100.943
-96.1369
-96.5204
-103.826
-110.274
-104.776
-102.514
-111.08
-97.7012
-98.0038
-94.2364
-92.7479
-94.1045
-90.3833
-101.731
-100.851
-111.66
-110.95
-105.356
-108.532
-107.878
-100.344
-100.421
-100.827
-105.013
-106.889
-110.361
-114.318
-104.687
-86.242
-90.5662
-94.229
-97.2059
-92.1233
-95.0098
-87.4186
-95.7173
-92.7085
-88.9655
-86.6422
-89.5034
-87.654
-91.2403
-87.7266
-88.8424
-86.9634
-87.3886
-94.7465
-94.2912
-95.1943
-100.015
-102.759
-96.7214
-98.3053
-94.382
-96.5398
-96.3238
-91.908
-88.3447
-93.2381
-90.3252
-96.2974
-95.8754
-102.884
-103.734
-99.5551
-102.023
-99.1048
-93.758
-91.6692
-95.5972
-88.585
-94.385
-94.0232
-92.9377
-89.2325
-89.4938
-97.4311
-98.2016
-94.4832
-99.6372
-91.3813
-92.3152
-96.7259
-93.4914
-100.846
-98.9663
-108.817
-106.793
-112.596
-101.429
-103.05
-103.961
-104.895
-99.2402
-101.569
-95.7473
-97.062
-95.7371
-91.7863
-94.2817
-90.8921
-85.333
-85.2744
-90.9097
-92.7107
-95.083
-95.6975
-94.8816
-98.042
-99.271
-91.475
-83.1431
-78.931
-74.1006
-79.8838
-92.398
-91.6824
-86.212
-94.5066
-88.5418
-84.5171
-87.3413
-88.3681
-85.5894
-84.6035
-84.6929
-88.226
-101.339
-92.688
-98.1343
-91.9234
-95.2823
-85.4604
-89.3086
-88.5791
-100.661
-102.444
-99.2168
-84.1787
-88.6187
-87.35
-85.5864
-78.7471
-76.6128
-83.7862
-87.9683
-91.2275
-88.7344
-87.2622
-92.5474
-97.5469
-102.662
-119.569
-112.267
-103.433
-106.775
-112.917
-120.538
-113.439
-120.81
-124.674
-112.521
-119.347
-116.008
-112.071
-103.953
-100.318
-103.197
-108.708
-119.259
-113.919
-99.7691
-91.853
-91.9277
-101.999
-96.2447
-93.6475
-98.2427
-97.6685
-94.5718
-93.3706
-96.9712
-99.4262
-99.0307
-92.354
-91.6874
-91.9628
-95.4902
-95.1358
-89.0874
-84.6401
-90.9199
-90.1626
-95.4228
-91.3388
-89.4228
-90.6724
-95.5547
-101.14
-100.255
-100.828
-99.7559
-99.8687
-106.5
-110.341
-122.63
-117.391
-109.04
-98.8374
-96.4687
-94.1616
-88.8076
-88.7358
-91.2612
-117.182
-101.424
-100.335
-92.2325
-90.7134
-90.7984
-88.73
-87.9888
-82.7681
-86.3555
-88.7959
-91.3081
-87.1978
-82.2334
-84.9097
-87.7866
-87.0967
-88.5439
-87.2915
-78.104
-83.6191
-71.9297
-72.873
-73.7827
-70.5644
-73.5644
-73.0474
-74.5679
-75.2725
-76.3784
-61.85
-67.5982
-60.35
-62.7744
-59.5913
-56.2002
-57.4262
-65.5811
-58.1704
-68.8037
-63.3809
-65.288
-63.2783
-68.0244
-71.3086
-68.9941
-70.2275
-78.0762
-71.1416
-68.6689
-75.6533
-72.7325
-70.0693
-68.1679
-74.9882
-67.9922
-64.6319
-67.8281
-69.4336
-70.6319
-68.8388
-71.3408
-77.7656
-80.1386
-97.2422
-88.0693
-82.4825
-81.8994
-74.1533
-70.166
-75.2402
-78.038
-72.4248
-70.3886
-70.3858
