-59.9815
-64.7603
-62.906
-71.5755
-71.2027
-64.868
-70.6415
-70.1541
-67.2181
-64.0143
-62.0071
-63.5536
-65.2191
-68.7735
-67.9157
-70.174
-65.8945
-65.7112
-66.2844
-70.3388
-68.4688
-68.4595
-66.3638
-68.8496
-60.6639
-64.6338
-68.7373
-67.2118
-63.0759
-57.9825
-60.2269
-64.5369
-65.1082
-66.6129
-69.2628
-60.2603
-72.4106
-63.4735
-68.5324
-72.6248
-64.7134
-60.5743
-65.5438
-62.8745
-67.8598
-65.9283
-62.2293
-63.7576
-64.3237
-65.5594
-65.6421
-66.7593
-67.2607
-67.9953
-64.4193
-65.2393
-68.1696
-71.665
-66.3602
-68.6383
-71.6605
-73.3298
-68.7845
-67.662
-71.8723
-79.1449
-90.1962
-103.56
-110.252
-109.417
-99.2072
-91.6647
-95.3732
-98.4692
-108.788
-115.981
-125.237
-125.367
-129
-120.117
-111.229
-106.209
-97.9004
-103.139
-99.5288
-96.969
-99.5251
-101.085
-97.9169
-101.516
-106.73
-108.385
-108.028
-108.777
-116.664
-122.269
-121.722
-125.384
-117.915
-109.676
-118.829
-123.348
-118.811
-119.198
-122.31
-113.298
-100.14
-100.577
-110.324
-107.756
-155.77
-135.361
-140.904
-118.418
-124.559
-123.596
-104.752
-97.5208
-101.343
-95.8911
-93.5913
-87.5427
-113.295
-85.5896
-80.4297
-80.116
-77.2327
-76.7444
-79.9255
-77.0398
-78.8647
-82.3914
-85.6628
-88.5828
-92.6697
-99.1663
-87.1033
-81.0229
-80.7959
-79.3567
-79.0271
-77.9333
-81.5808
-74.5239
-75.2222
-80.7434
-71.8286
-66.1279
-73.031
-65.592
-72.4536
-60.498
-65.1331
-58.0225
-65.3064
-57.1863
-63.3862
-60.8044
-59.8413
-61.8164
-71.9507
-61.6638
-70.0696
-63.2556
-66.1304
-63.4302
-66.4539
-61.4502
-60.5981
-66.842
-65.3491
-68.4924
-69.4641
-64.5862
-64.8914
-57.8259
-63.0164
-64.4751
-67.3584
-65.0403
-73.197
-68.6926
-60.4419
-60.4565
-63.1482
-59.6521
-63.5913
-64.3433
-72.7771
-73.0103
-78.9197
-77.7893
-71.3367
-68.0652
-60.6567
-57.2473
-57.1606
-60.6384
-62.417
-59.906
-60.1538
-56.3696
-67.511
-66.2659
-63.1714
-64.0771
-65.2612
-68.0261
-62.4451
-63.6316
-64.0967
