-60.8024
-64.1924
-62.8242
-65.2843
-73.9466
-68.0177
-71.2779
-79.366
-78.8722
-88.6856
-103.523
-81.3629
-86.4169
-82.0517
-90.0723
-90.8253
-81.2287
-89.4403
-94.4116
-97.0497
-99.1655
-90.1532
-98.4404
-98.3644
-102.899
-99.7696
-94.76
-99.9548
-93.6385
-99.5407
-94.1782
-88.3008
-92.6852
-98.6948
-91.7822
-96.1377
-107.349
-118.042
-99.9081
-102.222
-103.931
-101.693
-91.0657
-95.4767
-92.5787
-91.1789
-91.1502
-103.888
-112.885
-109.559
-123.411
-123.659
-109.163
-111.53
-99.8404
-100.317
-102.505
-115.056
-120.008
-121.538
-114.492
-110.129
-116.635
-126.406
-134.991
-138.356
-138.069
-132.908
-125.758
-108.056
-133.799
-110.363
-107.625
-98.6041
-89.8816
-93.6072
-91.8237
-97.6978
-100.862
-103.407
-104.501
-117.061
-125.223
-131.507
-135.111
-130.884
-115.233
-131.365
-146.736
-133.843
-138.851
-123.806
-102.324
-88.6786
-83.7769
-87.6892
-88.9642
-88.7518
-87.3401
-102.717
-96.6772
-88.8562
-85.1135
-86.0852
-88.2495
-91.3098
-91.7517
-92.5366
-89.5593
-94.6008
-96.4514
-93.8477
-93.4497
-99.5581
-99.8389
-105.095
-100.38
-101.057
-100.61
-113.989
-113.699
-119.027
-110.884
-107.76
-103.051
-107.002
-106.788
-96.8286
-94.0967
-114.174
-79.4531
-72.6001
-75.3516
-72.0142
-76.1536
-85.8789
-94.4958
-101.582
-102.483
-108.822
-104.808
-92.6489
-100.172
-76.8433
-97.7966
-80.2429
-82.196
-71.2842
-76.8677
-67.2949
-72.644
-77.926
-77.7686
-83.2666
-81.8713
-80.3369
-78.7463
-81.3
-79.0479
-88.6963
