-66.81
-82.5074
-96.819
-122.48
-113.871
-135.961
-145.697
-140.455
-114.912
-102.36
-98.4112
-94.7774
-87.7177
-84.2642
-77.572
-81.9983
-74.8204
-81.9278
-87.3119
-87.4424
-89.4383
-82.2074
-83.6716
-87.453
-94.0181
-97.7159
-100.452
-105.305
-101.362
-92.8338
-93.1223
-88.6256
-88.9552
-76.314
-98.7912
-116.085
-122.459
-130.58
-115.272
-113.12
-110.452
-103.669
-100.043
-117.964
-126.689
-137.066
-127.47
-146.824
-124.225
-133.956
-153.661
-162.944
-160.216
-192.598
-190.408
-175.58
-143.292
-127.517
-129.7
-130.342
-131.659
-141.628
-145.308
-157.178
-146.574
-156.817
-172.039
-158.452
-157.277
-144.812
-139.462
-136.678
-136.319
-141.511
-149.239
-151.578
-151.369
-154.562
-157.426
-159.181
-158.71
-171.535
-149.664
-139.469
-144.266
-162.26
-159.34
-161.765
-179.761
-212.945
-199.814
-178.834
-153.93
-147.382
-138.875
-145.158
-142.89
-134.813
-135.145
-123.446
-110.536
-96.7691
-93.5405
-87.4498
-79.8427
-76.5776
-75.35
-75.8935
-77.9795
-80.3584
-89.6557
-77.8506
-81.6167
-89.2896
-83.4082
-83.625
-70.8296
-70.0474
-69.8378
-58.6465
-67.2085
-60.227
-62.6777
-61.7036
-73.8413
-61.185
-65.625
-65.4961
-72.4541
-75.0776
-71.4551
-85.2319
-88.1748
-92.8975
-99.9683
-105.16
-108.396
-103.477
-94.0913
-86.3027
-83.666
-82.0679
-74.7626
-89.5606
-109.08
-119.962
-126.089
-134.398
-179.569
-199.938
-186.934
-157.057
-152.261
-137.627
-135.643
-142.615
-139.834
-142.585
-134.071
-136.015
-122.489
-116.801
-122.078
-119.855
-120.943
-125.941
-122.873
-125.339
-137.941
-145.579
-138.306
-146.198
-161.422
-189.588
-189.821
-195.774
-170.79
-157.368
-165.703
-167.185
-150.902
-134.482
-115.267
-100.072
-97.7344
-111.94
-115.088
-95.1724
-90.3559
-91.2026
-92.8301
-107.827
-106.179
-104.962
-107.394
-108.378
-113.001
-116.503
-134.635
-145.189
-152.45
-156.239
-157.754
-153.029
-150.542
-153.642
-160.927
-143.677
-135.712
-132.943
-145.075
-114.334
-102.563
-94.9746
-91.7608
-91.2803
-88.8604
-84.9522
-83.9561
-74.1035
-71.6279
-74.1797
-72.0703
-82.3476
-71.4346
-78.1114
-75.627
-74.2031
-72.958
-74.2177
-70.462
-72.1055
-74.1709
-71.7569
-74.0742
-71.7978
-75.4453
-83.7949
-79.4179
-78.375
-74.2061
-81.4775
-87.0146
-78.1992
-77.5313
-76.4209
-75.0088
-78.917
-79.04
-80.2412
-82.2422
-82.8545
-75.6884
-72.6475
-84.337
-78.6768
-72.4892
-78.5772
-73.6025
-76.3858
-70.4912
-68.7598
-75.7969
-73.459
-76.0313
-73.9394
-72.0703
-70.0664
-84.6768
-80.9443
-82.1807
-73.6025
-78.6299
-77.1299
-78.6328
-76.7754
-74.4522
-72.2344
-71.3027
-73.6494
-70.0518
-74.2471
-71.5957
-73.3418
-83.7774
-85.2744
-76.1543
-70.7315
-74.4697
-74.2354
-80.3408
-77.2441
-73.9336
-77.7041
-72.2138
-63.7412
-67.7959
-66.4453
-68.3906
-67.8662
-76.2685
-75.2138
-74.5634
-75.3223
-76.4561
