-85.3591
-86.0786
-82.27
-85.8308
-83.5255
-86.4304
-87.1253
-75.3463
-76.1066
-79.7299
-68.5194
-76.75
-75.5122
-75.9082
-71.2147
-80.75
-79.4756
-80.4077
-87.0605
-89.5154
-86.107
-76.9473
-75.8522
-76.9601
-81.1746
-74.1095
-70.0941
-69.6288
-77.2209
-85.1472
-88.1757
-92.9868
-85.7294
-93.2596
-89.6469
-91.4099
-81.387
-90.7135
-90.0589
-93.7241
-79.8776
-86.2137
-75.0095
-77.955
-81.7905
-82.0755
-93.9447
-99.3701
-110.195
-126.178
-122.83
-127.477
-125.27
-123.509
-114.77
-99.834
-101.566
-100.771
-104.742
-107.464
-100.555
-96.9702
-93.0634
-95.0891
-96.9836
-97.4512
-99.9396
-106.988
-101.01
-90.9296
-86.524
-87.6862
-87.0679
-86.8549
-85.2228
-83.4357
-79.8456
-81.3165
-87.9193
-83.0518
-85.5682
-79.9585
-80.4443
-74.6082
-75.3955
-75.3387
-77.6208
-78.7506
-80.3857
-77.5262
-78.0096
-79.7198
-78.9655
-83.3087
-81.4276
-81.0254
-80.3229
-79.5911
-85.9637
-89.3134
-88.548
-91.3257
-88.2007
-86.1237
-93.6554
-85.119
-93.8226
-87.6941
-93.4863
-94.9677
-85.824
-91.9092
-90.816
-89.3213
-90.304
-90.2856
-89.1852
-96.3135
-85.1184
-88.4509
-88.1042
-85.6519
-83.9392
-84.7693
-81.106
-82.1265
-83.9856
-82.373
-90.061
-89.0564
-90.9106
-87.5256
-86.0864
-76.4014
-72.6868
-70.2747
-82.9663
-81.073
-76.3196
-73.2971
-74.2188
-67.6453
-70.8862
-60.1868
-65.3064
-72.3877
-76.0754
-80.6091
-78.0127
-72.45
-62.4475
-73.7
-77.2217
-78.7939
-75.1221
-83.9819
-82.9419
-84.8779
-86.1096
-85.8838
-84.2944
-78.5217
-80.3955
-81.4941
-68.8977
-73.551
-81.5491
-76.897
-76.3708
-74.9719
-84.6033
-74.364
-71.5173
-74.4556
-80.1501
-87.9187
-84.6802
-92.085
-79.8767
-82.9553
-84.7046
-86.1926
-75.1221
-83.689
-80.2734
-69.2017
-70.3577
-70.2161
-75.73
-73.4814
-71.5161
-73.6072
-77.1619
-84.729
-77.3792
-76.4111
-82.6685
-71.0315
-77.0801
-80.2551
-82.1594
-83.7939
-86.7493
-83.3887
-73.8916
-85.2795
-75.6726
-79.3384
-75.6824
-82.113
-78.7488
-80.3748
-91.3892
-91.1902
-79.5972
-70.5017
-81.1084
-76.8042
-75.376
-80.8313
-82.6428
-87.1204
-90.1294
-98.8086
-85.3186
-87.8186
-69.0259
-81.1646
-72.5391
-80.1526
-74.0955
-74.7644
-68.9807
-69.7375
-64.3835
-69.7363
-72.9675
-71.5576
-67.9614
-74.6179
-68.8391
-69.5862
-67.0093
-64.3665
-61.8396
-60.2698
-69.2627
-68.8477
-76.5527
-76.1328
-67.3511
-79.5093
-75.4761
-77.666
-67.9858
-75.9644
-77.5806
-80.437
-78.3936
-83.5693
-84.0918
-80.0171
-71.1914
-68.1787
-72.2803
-70.9619
-73.1226
-79.4165
-70.5151
-69.9121
-72.0605
-67.4097
-80.7104
-85.0244
-91.9507
-83.7939
-86.5112
-84.6802
-84.9121
-80.3369
-79.1504
-82.4634
-84.9487
-85.8887
-80.5981
-81.748
-76.748
-78.3154
-74.5801
-65.4175
-77.2632
-81.3647
-80.1245
-75.6494
-87.2876
-88.3716
-94.2505
-99.8608
-94.353
-99.7632
-93.9746
-90.8838
-80.9424
-74.2944
-63.7915
