-102.095
-108.713
-130.346
-161.244
-179.163
-188.817
-207.686
-206.82
-166.674
-136.326
-122.108
-111.858
-106.477
-103.707
-104.267
-98.9742
-99.0002
-103.419
-106.109
-111.071
-116.553
-114.595
-106.973
-98.1525
-93.7637
-93.5406
-92.0297
-91.0553
-88.118
-88.3255
-87.1341
-88.3255
-88.8885
-88.0966
-90.8902
-89.5935
-89.2685
-95.5002
-106.761
-114.246
-124.928
-128.095
-126.281
-124.392
-131.474
-138.942
-190.848
-239.966
-230.85
-181.776
-132.133
-117.856
-111.677
-107.294
-103.405
-101.816
-101.603
-108.179
-103.869
-109.579
-96.9165
-92.4756
-84.0363
-89.7668
-80.0433
-76.3055
-74.4867
-67.0123
-71.8115
-73.8672
-69.0179
-73.6292
-82.3712
-94.9152
-106.831
-116.909
-125.807
-143.555
-148.508
-145.721
-120.677
-113.685
-105.309
-96.8707
-81.2732
-74.9646
-73.4412
-69.9371
-73.9655
-85.3192
-85.3876
-80.6207
-86.0913
-84.6802
-82.8479
-83.0457
-84.5825
-81.4453
-78.0322
-72.9541
-73.2019
-67.8857
-67.6001
-63.7646
-70.0916
-68.3557
-80.918
-73.2886
-75.8813
-73.9209
-63.5291
-63.0615
-73.4229
-61.8237
-67.2229
-67.2754
-68.6975
-69.5288
-68.7708
-67.4805
-66.1169
-77.2192
-76.8213
-77.9749
-69.137
-75.7104
-67.9736
-66.8848
-76.2964
-70.8435
-81.9836
-76.2671
-69.6582
-69.3066
-64.6692
-61.46
-62.5244
-68.3582
-54.6863
-63.1299
-66.554
-70.6787
-81.6663
-78.1641
-76.9299
-80.4883
-69.6179
-76.2451
-77.4133
-63.5522
-65.1587
-69.231
-75.6116
-71.9507
-69.6057
-65.4089
-71.5356
-59.9829
-72.0789
-71.8127
-73.8464
-78.728
-69.9963
-72.3157
-74.7144
-62.4133
-72.5208
-80.0818
-80.0928
-84.1394
-80.4639
-81.0791
-67.2327
-70.5713
-75.8337
-76.6406
-71.2146
-77.0654
-70.7153
-77.3706
-65.7019
-65.9814
-66.4441
-73.3496
-74.3311
-73.3252
-77.9797
-71.7102
-72.2668
-67.3352
-65.9644
-55.3674
-59.5044
-60.2991
-62.1802
-66.2488
-76.6064
-66.0132
-74.4751
-66.7126
-68.3496
-62.2998
-64.2322
-63.9966
-61.9983
-61.4294
-61.6711
-63.6108
-61.0657
-60.658
-58.9282
-58.9038
-61.2244
-59.2493
-67.1204
-72.0959
-63.8879
-60.1819
-65.166
-73.5022
-79.8035
-77.3914
-70.7959
-78.2483
-77.4109
-79.436
-82.6074
-83.3203
-87.4475
-75.1941
-79.2712
-72.6147
-75.78
-69.3787
-66.9104
-66.748
-70.7812
-70.5078
-72.4072
-72.2217
-79.0356
-95.5933
-87.8882
-84.2065
-84.6069
-80.73
-86.8945
-79.1919
-79.1357
-69.7217
-66.0474
-64.6558
-63.999
-79.1821
-79.4727
-82.1802
-79.5557
-79.0796
-77.6514
-78.4619
-66.5308
-74.3726
-67.2778
-69.519
-69.4702
-75.6836
-66.2622
-69.7827
-71.0938
-73.3325
-64.5508
-65.8984
-62.8589
-66.5332
-64.7021
-66.2671
-61.0547
-65.2222
-59.0503
-66.2183
-69.4434
-69.585
-72.8296
-68.9453
-67.6514
-64.6704
-81.9458
-87.0972
-78.96
-68.0957
-67.1045
-72.417
-74.2017
-75.7202
-78.5229
-69.043
-74.1577
-75.2393
-71.272
-71.9287
-79.6289
-81.2134
-89.0015
-76.7969
-83.8037
