-109.591
-117.507
-121.051
-121.625
-114.811
-111.684
-110.799
-96.5423
-104.889
-94.6412
-85.0951
-90.59
-89.1714
-89.8567
-90.1245
-80.4019
-77.4484
-96.4395
-87.3705
-94.0237
-80.8289
-85.204
-79.474
-81.062
-88.0823
-87.3058
-96.1937
-89.8636
-87.4744
-96.2381
-91.4993
-96.0641
-96.3278
-102.021
-101.052
-99.5132
-99.7363
-99.6039
-96.8842
-98.7476
-96.904
-98.2874
-97.3206
-96.9919
-102.302
-103.929
-96.8079
-102.91
-96.2567
-96.178
-96.6757
-100.546
-97.3834
-105.741
-104.135
-105.531
-105.04
-102.736
-102.499
-102.554
-105.366
-102.983
-102.375
-96.8597
-95.2106
-97.4786
-96.0632
-96.4172
-100.292
-103.634
-113.577
-122.207
-116.543
-128.352
-120.915
-127.264
-119.472
-120.214
-116.678
-110.994
-111.243
-110.604
-108.884
-101.176
-98.399
-99.6155
-106.24
-109.31
-108.035
-106.631
-112.69
-118.989
-125.322
-121.561
-112.339
-110.936
-107.437
-107.489
-103.748
-110.804
-103.475
-107.693
-103.723
-110.203
-108.456
-107.637
-100.417
-103.765
-103.165
-103.406
-106.016
-106.765
-101.626
-100.79
-101.537
-106.731
-105.668
-101.141
-101.718
-100.642
-105.4
-106.556
-110.718
-114.329
-115.356
-110.098
-104.458
-104.688
-103.938
-99.5605
-96.7725
-96.8359
-93.4924
-93.4924
-97.6404
-98.9197
-102.462
-101.692
-99.4958
-95.7971
-96.7822
-98.7842
-93.147
-98.2104
-100.266
-106.97
-114.016
-114.974
-114.236
-121.306
-119.475
-122.351
-121.803
-121.348
-120.599
-113.494
-105.594
-99.4604
-99.9329
-98.7158
-98.6523
-97.1667
-94.5068
-96.6162
-96.2659
-100.366
-99.9365
-101.969
-104.219
-103.55
-105.535
-105.513
-111.714
-109.523
-105.51
-100.194
-105.303
-102.141
-107.382
-98.7512
-105.914
-105.447
-108.077
-114.973
-115.964
-119.8
-116.602
-113.835
-102.355
-98.7659
-98.2605
-98.4387
-100.153
-102.07
-102.133
-102.67
-96.5613
-97.1008
-97.71
-98.4277
-98.7109
-96.9312
-95.5273
-80.2539
-89.1797
-90.354
-95.3613
-100.225
-100.449
-107.471
-90.8936
-86.4233
-85.083
-86.6406
-85.8081
-95.3247
-90.7593
-88.6523
-84.6582
-87.1143
-87.6392
-86.5942
-93.6279
-91.731
-98.75
-100.3
-107.798
-108.24
-115.791
-112.339
-107.383
-101.511
-98.0029
-95.6104
-97.3804
-95.2661
-97.8516
-98.2446
-99.9463
-102.756
-102.153
-99.1895
-101.448
-107.214
-114.624
-112.603
-112.024
-107.588
-104.897
-104.529
-102.737
-107.241
-112.559
-122.922
-132.861
-125.449
-115.149
-111.536
-114.526
-109.458
-102.336
-105.171
-107.476
-102.678
-101.274
-104.775
-101.313
-100.017
-98.6108
-101.104
-106.211
-104.453
-105.134
-106.772
-105.469
-103.542
-99.3945
-92.9419
-91.7798
-89.9365
-90.7275
-94.8999
-98.3057
-103.193
-103.127
-95.5371
-96.084
-88.5669
-87.0801
-80.835
-82.1509
-85.7666
-80.9351
-96.5991
-95.166
-86.1157
-87.1729
-79.2163
-77.5342
-77.9541
-79.8877
-68.8721
-74.248
-66.2378
-73.252
