-92.1943
-89.8429
-91.458
-88.2047
-90.3284
-88.6665
-90.4293
-89.8006
-88.5728
-89.4731
-87.0629
-89.1139
-88.1799
-90.2933
-90.7471
-94.9733
-99.0111
-105.259
-115.51
-129.846
-127.792
-122.087
-113.62
-117.788
-115.204
-105.257
-100.245
-98.7225
-95.1974
-79.104
-84.1177
-77.8427
-81.1765
-83.3203
-83.1793
-80.0986
-81.8716
-76.6006
-81.1719
-82.7106
-82.1423
-83.8971
-88.0151
-71.6766
-77.5427
-63.9658
-73.8657
-66.9128
-65.6931
-67.0862
-66.4221
-64.8596
-72.533
-69.194
-73.7521
-73.642
-75.8722
-76.2949
-68.4161
-75.3094
-61.7029
-65.9186
-62.5214
-58.8739
-68.2739
-67.1014
-67.8394
-78.2935
-89.2303
-113.24
-143.814
-172.883
-231.967
-260.838
-232.193
-193.964
-160.208
-132.344
-119.675
-114.652
-110.052
-117.988
-118.611
-117.189
-118.954
-146.554
-151.494
-150.254
-131.614
-126.517
-123.825
-118.263
-114.566
-119.194
-120.396
-122.651
-116.315
-108.524
-105.8
-103.76
-107.285
-106.174
-107.418
-108.478
-112.058
-108.811
-106.101
-102.506
-103.51
-101.106
-100.771
-100.402
-103.477
-102.124
-98.5767
-98.1909
-97.395
-98.6121
-95.2576
-97.4731
-96.8921
-94.8755
-104.012
-106.81
-110.389
-111.577
-111.475
-104.288
-101.969
-103.58
-104.797
-108.218
-105.745
-108.685
-108.28
-105.774
-101.788
-102.505
-104.399
-109.612
-112.933
-110.154
-105.485
-108.542
-116.931
-127.904
-126.172
-138.243
-148.445
-162.745
-161.101
-143.82
-133.329
-132.106
-139.607
-156.467
-175.093
-169.216
-190.234
-180.675
-164.833
-140.555
-121.763
-118.354
-109.081
-104.994
-100.09
-104.371
-103.478
-97.4622
-93.8611
-95.1624
-105.281
-109.679
-110.83
-119.913
-119.885
-120.004
-127.313
-144.447
-155.322
-146.396
-159.733
-150.295
-157.212
-159.285
-149.491
-131.523
-117.319
-107.175
-98.042
-87.7539
-76.9824
-73.5107
-80.0439
-87.0508
-75.061
-76.2769
-68.6768
-64.3848
-59.6411
-62.4609
-67.0581
-65.6519
-60.9399
-62.7563
-67.7563
-71.8628
-60.9302
-69.043
-67.3022
-66.6504
-62.959
-72.0435
-68.9111
-74.7168
-68.5571
-66.2427
-66.3745
-66.3403
-70.9351
-68.0371
-72.688
-69.2725
-67.7319
-61.1646
-62.0166
-61.3745
-61.9019
-66.1816
-68.7769
-63.2471
-74.7974
-64.8413
-72.7686
-73.6792
-71.9434
-62.2729
-70.0024
-61.3916
-64.0674
-62.8784
-68.7109
-63.6304
-67.9077
-66.5283
-71.1328
-78.3618
-74.0503
-77.9077
-75.769
-79.6436
-74.6021
-78.6011
-73.1665
-72.8491
-74.1089
-75.5151
-69.7095
-68.0737
-68.6377
-73.96
-71.3916
-75.1343
-70.2832
-75.481
-75.5835
-74.1455
-72.7881
-69.9268
-61.0938
-66.9189
-58.5742
-58.6694
-67.9834
-69.4287
-71.3892
-70.2148
-73.894
-70.0415
-71.8848
-73.4668
-81.4966
-90.4956
-89.5972
-116.165
-102.52
-96.1133
-89.8462
-92.7734
-91.5112
-96.2939
-98.1714
-90.5933
-83.4277
-80.0293
-80.0586
-74.48
-68.3521
-63.9404
-65.8008
-63.8574
-66.8408
-63.9526
-58.9404
