-113.161
-113.083
-124.322
-137.515
-132.815
-119.993
-107.944
-101.65
-92.5043
-95.5916
-87.6774
-86.8082
-95.6179
-97.4558
-108.387
-104.731
-103.463
-95.3754
-91.53
-90.8192
-82.906
-74.9418
-75.1754
-74.0138
-76.209
-74.3161
-83.1958
-74.0147
-71.1618
-72.1404
-68.3509
-68.2064
-72.8606
-73.962
-81.0546
-81.6877
-80.8975
-70.8479
-73.3693
-72.1658
-74.6759
-83.2844
-83.4547
-82.5964
-90.7093
-102.483
-115.016
-109.284
-106.092
-96.4562
-91.7083
-88.3916
-77.8788
-76.945
-78.5042
-80.3899
-77.5547
-80.3482
-85.0862
-78.4746
-74.117
-89.7396
-75.9317
-76.5689
-70.4879
-75.7061
-70.7186
-66.1758
-60.0798
-75.0502
-71.265
-66.181
-70.604
-77.8733
-74.428
-103.679
-89.2354
-96.7441
-77.4419
-80.9882
-88.3338
-82.2964
-84.8423
-83.3906
-79.7138
-76.0811
-87.1846
-78.9119
-76.6838
-77.2764
-73.9644
-73.9775
-79.7593
-78.2504
-77.7187
-72.4424
-76.1368
-113.599
-117.554
-125.365
-149.021
-149.939
-136.525
-132.812
-107.022
-103.686
-110.053
-95.1665
-73.4905
-89.6712
-102.048
-114.568
-117.928
-143.635
-134.34
-106.074
-95.447
-86.9422
-82.6069
-87.1589
-84.1157
-81.118
-75.0337
-84.2072
-87.3215
-86.2873
-78.4841
-76.3513
-77.9465
-76.1243
-77.4565
-71.3672
-73.9204
-66.1817
-70.8054
-76.2671
-80.8982
-98.9986
-107.904
-116.022
-126.194
-163.925
-156.113
-151.212
-155.976
-139.042
-128.852
-130.646
-143.137
-134.899
-139.261
-139.007
-141.433
-139.141
-138.353
-137.822
-142.121
-147.702
-149.209
-143.381
-147.742
-145.226
-147.436
-164.352
-170.43
-174.443
-169.686
-186.268
-192.271
-179.885
-171.973
-160.806
-157.949
-143.988
-127.788
-117.297
-114.864
-101.877
-100.295
-100.737
-108.286
-106.456
-105.533
-137.58
-105.872
-114.381
-118.506
-127.054
-132.275
-115.676
-118.685
-126.713
-128.722
-121.853
-121.264
-117.214
-120.239
-126.559
-128.987
-130.082
-124.025
-112.421
-109.668
-112.879
-137.384
-132.364
-105.907
-96.085
-98.1533
-90.3575
-84.2754
-77.7744
-72.3164
-75.2959
-71.6455
-82.6963
-78.5142
-75.7675
-76.9248
-74.4888
-74.6528
-78.3018
-77.8886
-70.4252
-72.7514
-78.3545
-79.6289
-82.5102
-76.2202
-76.6508
-72.3091
-77.4844
-78.6254
-77.0947
-79.4575
-78.4541
-80.9179
-83.2807
-85.4927
-77.94
-90.8305
-85.7842
-86.8272
-78.1758
-95.1079
-88.2774
-80.6338
-80.54
-77.3906
-71.1358
-64.9424
-66.8027
-70.9336
-77.1475
-77.0069
-75.6124
-69.917
-69.5654
-64.7549
-62.2207
-62.5986
-69.0293
-63.5215
-69.2988
-65.6894
-76.0547
-78.2168
-64.2803
-73.377
-72.6973
-75.4864
-81.9287
-70.7374
-75.0996
-72.2374
-79.6084
-70.6524
-71.7187
-73.6904
-72.413
-69.7823
-68.0918
-80.2002
-82.5175
-85.2012
-67.2744
-63.0732
-74.5313
-73.3008
-83.9795
-75.2549
-83.039
-79.837
-71.9854
-73.5118
-69.788
-69.9638
-68.6309
-63.788
-63.8701
-67.5791
-72.0791
-65.0332
-56.5108
-56.8242
