-113.874
-126.108
-146.813
-165.36
-156.119
-121.963
-98.0801
-97.0761
-93.7025
-98.558
-92.704
-88.3655
-95.5901
-97.2784
-115.925
-110.114
-106.342
-94.883
-91.3072
-90.5965
-82.6831
-74.7189
-74.9525
-73.7909
-75.986
-74.0933
-82.973
-73.7918
-70.939
-71.9177
-68.1281
-67.9837
-72.6376
-73.739
-80.8316
-81.4648
-80.6747
-70.625
-73.1464
-71.9431
-74.4528
-83.0618
-83.2321
-98.6987
-91.6837
-97.8357
-98.6377
-95.9207
-92.8391
-91.9116
-84.426
-91.1911
-75.7217
-76.8695
-74.8389
-77.3691
-79.3402
-82.005
-81.557
-83.8226
-77.7319
-88.728
-73.9929
-78.7933
-76.7719
-80.4358
-66.5759
-71.8231
-74.2914
-81.6547
-78.0042
-75.1874
-71.5662
-72.5824
-71.6858
-86.012
-81.4697
-78.6328
-77.2192
-80.766
-88.111
-82.074
-84.6191
-83.1683
-79.4916
-75.8582
-86.9617
-78.689
-76.4612
-77.0532
-73.7415
-73.7549
-79.5361
-78.028
-77.4957
-72.2198
-84.3158
-96.6785
-105.023
-116.968
-127.103
-158.416
-150.495
-139.933
-116.951
-110.344
-105.439
-96.3867
-87.3035
-91.8945
-105.146
-109.426
-111.785
-130.8
-128.539
-110.009
-97.2925
-86.72
-82.384
-86.936
-83.8928
-80.8948
-74.8108
-83.9844
-87.0984
-86.0645
-78.2617
-76.1292
-77.7234
-75.9009
-79.8059
-74.8584
-77.2925
-73.606
-85.7251
-83.1567
-80.9875
-93.9014
-119.423
-145.636
-193.58
-247.115
-235.027
-192.701
-174.921
-165.399
-160.864
-163.145
-156.646
-151.392
-160.715
-162.488
-167.209
-167.19
-170.564
-169.926
-176.842
-186.505
-189.802
-172.487
-180.881
-174.364
-172.108
-170.464
-184.252
-177.859
-170.527
-171.499
-168.649
-163.407
-160.969
-156.967
-140.74
-133.684
-121.548
-100.652
-94.4958
-93.6328
-89.6594
-92.6135
-86.9067
-87.7783
-86.7883
-90.6616
-99.2041
-93.595
-106.102
-127.069
-121.127
-116.273
-124.023
-137.297
-139.788
-128.915
-140.269
-137.761
-133.66
-141.252
-134.873
-129.612
-124.888
-118.503
-114.91
-116.858
-116.233
-107.998
-105.906
-96.0864
-98.1543
-90.3589
-84.2773
-77.7759
-72.3169
-75.2979
-71.6455
-82.6978
-78.5156
-75.7666
-76.9238
-74.4897
-74.6533
-78.3008
-77.8882
-70.4248
-72.7515
-78.3545
-79.6289
-82.2876
-75.9985
-76.4282
-72.085
-77.2607
-78.4033
-76.8701
-79.2358
-78.23
-80.6958
-83.0591
-85.271
-77.7173
-90.6079
-85.5615
-86.604
-77.9517
-94.8853
-88.0566
-80.4126
-80.3174
-77.168
-70.9131
-64.7192
-66.582
-70.7104
-76.9238
-76.7847
-75.3882
-69.6948
-69.3433
-64.5312
-61.9995
-62.3779
-68.8062
-63.2983
-69.0747
-65.4663
-75.8301
-77.9932
-64.0576
-73.1519
-72.4756
-75.2637
-81.7065
-70.5127
-74.8755
-72.0142
-79.3848
-70.4297
-71.4941
-73.4692
-72.1899
-69.5581
-67.8711
-79.978
-82.2925
-84.978
-67.0532
-62.8516
-74.3091
-73.0786
-83.7549
-75.0317
-82.8149
-79.6143
-71.7627
-73.2886
-69.5654
-69.7412
-68.4082
-63.5645
-63.6475
-67.356
-71.8555
-64.8096
-56.2866
-56.6016
