-124.893
-126.705
-116.835
-111.658
-103.797
-99.7953
-100.41
-99.3122
-100.835
-104.452
-112.085
-123.788
-124.634
-140.86
-126.595
-110.623
-98.2175
-96.4633
-89.7267
-89.9521
-89.969
-95.1616
-107.397
-133.524
-144.576
-156.945
-154.821
-148.849
-140.473
-138.061
-147.068
-133.351
-142.818
-128.697
-119.864
-106.517
-105.127
-99.2633
-97.4484
-104.78
-104.766
-109.112
-106.898
-102.793
-101.691
-102.422
-100.341
-99.5935
-99.9792
-100.952
-102.484
-105.139
-105.573
-100.76
-103.16
-103.968
-103.802
-101.408
-99.8712
-106.883
-108.145
-97.0776
-94.2987
-98.2007
-88.8739
-112.75
-108.447
-109.797
-124.193
-167.076
-151.323
-132.279
-131.793
-130.411
-130.35
-119.078
-120.046
-120.545
-157.692
-118.19
-117.754
-117.187
-122.581
-124.065
-122.615
-119.758
-133.304
-133.421
-129.901
-117.931
-122.257
-112.174
-114.49
-123.708
-119.921
-128.448
-148.909
-162.44
-182.657
-170.975
-172.825
-154.323
-144.142
-126.852
-112.842
-103.293
-101.392
-104.052
-105.828
-105.28
-106.174
-105.973
-115.018
-109.492
-107.091
-105.875
-108.087
-109.797
-107.418
-103.051
-104.407
-109.447
-114.679
-123.176
-141.88
-159.506
-164.104
-156.451
-152.327
-132.493
-130.846
-118.301
-109.249
-111.732
-117.557
-128.422
-137.101
-141.71
-144.081
-144.28
-146.448
-166.89
-181.055
-176.012
-184.805
-185.79
-168.148
-143.473
-144.326
-156.666
-148.929
-158.282
-144.52
-158.121
-157.178
-150.073
-131.547
-130.364
-119.442
-118.804
-104.648
-101.112
-96.8115
-95.6348
-97.9834
-97.4097
-96.5601
-96.7432
-96.6089
-97.5537
-96.123
-97.9126
-96.0425
-98.7866
-100.815
-105.32
-110.349
-115.237
-115.21
-115.005
-115.491
-122.715
-129.082
-146.926
-142.078
-138.73
-122.832
-119.014
-114.058
-103.357
-96.2427
-93.064
-95.5225
-88.1323
-89.8438
-91.7798
-85.8569
-86.333
-75.1709
-69.5825
-70.6592
-68.9917
-72.6953
-73.5425
-70.4688
-67.9834
-70.9448
-69.3848
-72.7881
-70.9717
-75.769
-76.3501
-72.6611
-69.1431
-72.8516
-67.6465
-66.9214
-70.896
-74.1479
-67.771
-68.2178
-65.7642
-78.8428
-93.374
-104.287
-109.856
-123.467
-114.7
-117.061
-112.664
-99.353
-88.2373
-84.8145
-79.3433
-76.7505
-69.4922
-67.4414
-75.3271
-72.1167
-76.1938
-81.6162
-84.4263
-88.0591
-84.1235
-85.3906
-88.6719
-87.0483
-81.7065
-86.1182
-83.1836
-75.7959
-77.0508
-61.3306
-80.647
-70.5298
-74.6509
-75.7812
-71.001
-70.5103
-75.459
-78.0249
-72.5977
-74.8633
-77.5439
-67.8027
-65.9766
-70.3955
-69.3359
-70.0415
-77.7759
-81.8579
-71.4453
-71.3916
-73.5425
-78.4424
-76.9678
-77.9956
-71.2109
-73.5522
-72.8833
-76.8677
-78.8818
-80.5103
-85.9326
-96.8848
-106.992
-101.958
-94.8755
-84.1992
-81.1475
-83.8208
-70.7422
-74.2163
-72.8125
-74.1431
-73.3813
-69.9878
-68.4741
-68.6987
-75.022
-73.877
-75.3833
-84.8657
-76.3892
-85.3784
