-60.9833
-68.2937
-68.3918
-77.1279
-75.596
-78.2379
-81.5823
-88.866
-81.1047
-79.436
-74.9905
-75.7358
-73.3932
-71.7179
-75.2412
-73.0758
-71.1384
-64.9359
-74.2793
-75.7478
-91.1128
-97.3381
-99.2622
-99.693
-103.868
-103.786
-103.483
-99.4925
-102.204
-104.929
-100.634
-97.5589
-92.074
-93.0545
-95.2539
-98.121
-93.3832
-105.215
-99.0945
-91.0284
-86.3968
-85.2478
-87.9877
-85.7089
-89.707
-87.4371
-91.8027
-95.4337
-100.513
-104.327
-100.54
-86.1856
-83.5892
-83.555
-90.426
-76.1456
-83.392
-82.7612
-84.9716
-85.274
-92.8442
-95.8813
-101.682
-101.856
-107.294
-111.324
-115.773
-115.281
-110.167
-104.957
-99.2548
-98.5468
-100.939
-100.882
-105.021
-114.002
-114.565
-108.123
-98.0042
-103.63
-94.3805
-96.203
-96.3733
-94.1016
-94.682
-92.4353
-98.338
-101.826
-102.86
-111.068
-112.781
-112.399
-100.875
-101.421
-104.483
-105.919
-107.829
-111.485
-112.25
-110.455
-113.661
-113.437
-111.506
-102.514
-100.447
-96.2372
-95.9741
-98.5785
-102.59
-104.078
-109.99
-117.754
-125.627
-114.878
-111.301
-113.472
-115.819
-111.355
-113.295
-112.758
-108.816
-101.589
-105.421
-104.116
-106.375
-105.854
-109.857
-104.738
-106.14
-107.107
-111.097
-117.14
-117.638
-111.774
-103.68
-98.3228
-95.177
-93.7903
-92.5598
-93.5681
-95.1147
-101.012
-100.947
-100.792
-103.827
-109.171
-106.017
-108.448
-105.337
-102.646
-100.317
-97.8687
-97.7014
-92.6123
-94.0137
-93.5596
-97.5549
-97.4951
-98.7476
-93.3472
-93.2886
-91.2109
-92.6294
-94.3579
-95.1929
-99.1016
-100.447
-104.973
-105.698
-102.439
-104.279
-103.314
-110.035
-107.091
-111.252
-104.038
-106.4
-105.671
-109.883
-118.987
-116.7
-111.389
-99.7888
-95.9473
-92.9858
-90.022
-91.8176
-90.4724
-92.074
-93.894
-93.02
-94.1077
-96.1426
-98.6194
-94.3164
-95.7007
-93.0212
-92.6355
-95.2649
-97.1558
-100.708
-105.542
-110.585
-113.219
-121.857
-120.494
-117.682
-112.085
-110.41
-108.777
-109.805
-109.478
-108.186
-112.874
-110.244
-111.477
-115.71
-112.798
-115.713
-109.57
-106.985
-104.089
-101.489
-99.436
-96.582
-97.1167
-101.567
-108.069
-106.597
-108.362
-104.294
-96.9922
-94.6899
-86.3477
-80.1489
-70.4883
-81.1133
-89.5679
-88.5278
-97.0312
-98.4546
-103.35
-94.9463
-94.3286
-87.1313
-81.4648
-78.6279
-88.0762
-83.6084
-84.6851
-89.0942
-85.415
-87.0801
-87.0117
-84.6118
-75.2295
-76.4966
-78.8037
-71.0156
-63.728
-65.7446
-61.3379
-70.6714
-60.3564
-72.8491
-66.145
-56.9141
-61.3159
-73.252
-88.9648
-92.8467
-89.3896
-87.9321
-92.0337
-95.3296
-97.627
-100.454
-105.081
-101.592
-89.0625
-91.3745
-88.2275
-93.5449
-78.3423
-84.2407
-82.688
-81.8823
-83.6841
-84.4067
-70.0781
-68.9062
-68.0688
-75.9009
-75.3955
-73.0566
-72.8857
-80.2515
-81.8848
-82.522
-92.3389
-83.9917
-84.2651
-89.0112
-87.3535
-77.9492
