-61.2062
-68.5165
-68.6147
-77.3508
-75.8189
-78.4607
-81.8051
-89.0887
-81.3276
-79.6588
-75.2134
-75.9587
-73.616
-71.9407
-75.464
-73.2986
-69.4327
-79.6595
-85.3337
-84.9278
-92.3638
-99.0634
-102.669
-98.9548
-106.289
-109.984
-110.023
-102.554
-103.954
-111.066
-104.163
-100.948
-96.0926
-96.9362
-98.0136
-100.138
-93.6061
-105.438
-99.3172
-91.251
-86.6195
-85.4707
-88.2103
-85.9318
-89.9297
-87.6599
-92.0255
-95.6561
-100.735
-104.55
-100.763
-86.4085
-83.8121
-83.7778
-90.649
-76.3685
-83.6148
-82.9841
-85.1942
-85.4971
-96.5874
-99.6263
-106.158
-105.151
-111.911
-115.923
-123.827
-117.706
-109.625
-102.716
-99.0923
-100.36
-100.299
-100.396
-99.5032
-103.31
-107.044
-110.019
-97.9746
-108.57
-91.4268
-93.3596
-89.9956
-87.7207
-99.1114
-94.1536
-102.63
-101.748
-97.7483
-93.5581
-94.4986
-101.153
-101.485
-107.785
-117.037
-124.572
-122.574
-115.903
-110.179
-112.132
-133.702
-137.617
-134.077
-116.809
-108.176
-103.739
-101.01
-107.048
-108.926
-109.79
-108.606
-118.43
-130.654
-131.446
-125.633
-134.447
-130.105
-126.29
-129.5
-126.293
-125.186
-110.577
-105.784
-105.605
-110.701
-110.002
-117.409
-111.798
-105.091
-102.126
-103.482
-110.451
-120.769
-113.52
-108.333
-103.257
-94.7651
-89.414
-91.6714
-90.5464
-84.022
-84.5083
-88.5014
-89.5093
-106.9
-116.555
-111.877
-107.166
-102.432
-102.412
-96.1172
-93.9317
-95.2602
-79.1425
-93.2226
-85.0195
-94.9746
-93.8218
-99.0396
-95.5225
-97.6992
-97.3096
-98.9663
-100.015
-96.0014
-102.677
-101.569
-104.75
-102.337
-93.2886
-94.1543
-88.3476
-90.2388
-90.9244
-101.878
-104.123
-109.86
-106.66
-114.602
-133.601
-139.422
-122.783
-102.621
-99.0102
-94.1368
-88.601
-93.8701
-92.4331
-97.4531
-97.9849
-97.9775
-100.242
-98.726
-96.9097
-83.0522
-84.0923
-86.0567
-89.7158
-95.8975
-98.2427
-91.1441
-89.6089
-91.0561
-91.065
-98.3892
-108.207
-116.997
-109.887
-109.479
-106.938
-113.726
-102.917
-109.22
-123.106
-113.602
-102.624
-110.317
-113.544
-120.934
-108.003
-112.572
-110.083
-103.872
-99.4394
-93.7661
-97.8223
-105.624
-114.677
-106.819
-108.585
-104.517
-97.2144
-94.9116
-86.5708
-80.3716
-70.7124
-81.3354
-89.792
-88.752
-97.2539
-98.6777
-103.573
-95.1695
-94.5512
-87.3545
-81.6884
-78.8525
-88.3008
-83.833
-84.9082
-89.3174
-85.6376
-87.3018
-87.2344
-84.835
-75.4512
-76.7197
-79.0254
-71.2382
-63.9492
-65.9677
-61.5616
-70.8955
-60.5801
-73.0723
-66.3691
-57.1376
-61.538
-73.4736
-89.1884
-93.0703
-89.6132
-88.1543
-92.2559
-96.0059
-107.32
-104.953
-113.604
-123.565
-89.2852
-91.5996
-88.4502
-93.7675
-78.5654
-84.4658
-82.9102
-82.1045
-83.9063
-84.6299
-70.3008
-69.1289
-68.291
-76.125
-75.6181
-73.0547
-72.8848
-80.2529
-81.8848
-82.5205
-92.5606
-84.2168
-84.4892
-89.2325
-87.5772
-78.1728
