-88.7545
-95.6229
-98.0311
-96.4161
-96.9011
-92.0958
-93.6307
-90.9462
-92.7113
-94.1255
-96.2345
-100.453
-100.189
-109.462
-105.65
-108.257
-103.375
-112.866
-118.196
-111.022
-102.918
-102.458
-97.6407
-96.3536
-100.32
-102.672
-107.599
-100.983
-98.02
-94.1718
-91.2839
-93.2959
-95.7465
-100.763
-100.463
-101.207
-100.385
-102.731
-99.6207
-95.7245
-93.4406
-91.481
-94.3665
-94.5007
-94.3527
-94.5914
-90.2151
-93.2275
-91.6898
-92.1411
-90.5087
-94.5386
-93.765
-100.618
-103.729
-104.651
-96.8475
-91.8695
-97.8949
-97.442
-100.114
-96.2195
-96.8555
-95.7312
-92.6355
-94.0137
-98.7158
-102.124
-105.39
-106.863
-111.617
-109.566
-105.503
-99.0015
-102.933
-99.4556
-97.9962
-101.605
-102.816
-98.548
-97.9846
-95.0256
-99.6722
-101.116
-100.722
-97.2137
-97.1814
-98.7848
-106.21
-104.852
-104.888
-105.059
-102.126
-96.4441
-98.0664
-95.9027
-93.0939
-91.8262
-92.4298
-89.7119
-89.6924
-89.2511
-89.4427
-92.7252
-95.5688
-94.8413
-97.3181
-95.575
-92.2571
-96.5723
-98.4424
-97.1167
-95.332
-93.5071
-93.6865
-92.9565
-92.4036
-93.5303
-90.9436
-90.4578
-93.5071
-93.4314
-96.7395
-96.1133
-93.468
-92.644
-92.8247
-92.5806
-95.2686
-104.413
-103.501
-100.955
-95.6482
-94.8474
-92.4487
-90.6323
-90.791
-90.769
-90.2637
-90.6348
-91.7871
-92.3254
-92.9309
-91.2366
-96.1255
-101.387
-98.8196
-96.1328
-91.3599
-90.1538
-91.1389
-93.1726
-89.0869
-91.1951
-90.1562
-91.1377
-93.5522
-96.864
-98.0908
-96.3867
-98.075
-96.7505
-96.4587
-98.4302
-98.8599
-104.032
-102.218
-97.3267
-98.6475
-99.9182
-101.229
-96.8567
-91.7395
-94.6045
-93.9246
-92.5793
-93.2153
-92.5757
-97.8516
-103.063
-105.902
-103.694
-98.9185
-99.4824
-92.5024
-89.4019
-85.5591
-87.7173
-89.5886
-86.7261
-90.2332
-91.2109
-91.5051
-89.0356
-91.8726
-92.1069
-92.1277
-93.9355
-93.5498
-91.698
-91.7847
-96.3721
-97.3438
-94.4617
-94.3921
-93.75
-92.229
-88.6914
-91.571
-90.9131
-96.5576
-93.855
-95.7886
-92.4487
-90.9985
-87.8296
-89.0356
-88.4229
-85.6372
-76.7944
-70.8398
-71.6943
-68.4741
-77.1729
-78.5034
-85.8911
-87.0776
-81.7017
-84.4702
-98.1201
-88.0127
-88.2031
-77.3535
-79.6777
-74.375
-74.4434
-74.6973
-77.2852
-85.9229
-85.3882
-88.9941
-92.2632
-93.6621
-92.8003
-92.2217
-92.5439
-91.2793
-88.147
-87.4463
-86.4307
-87.8711
-89.563
-92.4658
-97.9053
-100.007
-97.9175
-96.3452
-95.3418
-93.0273
-90.4004
-90.9351
-97.1777
-96.7285
-96.4038
-97.0459
-97.1094
-93.3521
-90.7349
-91.7407
-90.6079
-91.5674
-93.4229
-92.7856
-89.1309
-85.6567
-85.7324
-87.3022
-88.4302
-90.2197
-90.2734
-90.0586
-90.4346
-89.502
-93.4741
-93.9551
-97.9028
-100.989
-99.1382
-100.667
-100.593
-98.938
-103.149
-100.93
-97.5854
-97.0825
-97.5464
-93.5034
