-59.2482
-64.0011
-62.8163
-64.567
-76.7741
-66.3308
-64.9634
-69.0617
-64.1039
-72.687
-69.426
-67.4616
-70.1202
-65.9162
-63.4797
-64.7889
-69.4689
-69.6691
-72.7096
-77.4297
-90.4395
-92.6425
-108.733
-115.187
-131.708
-116.008
-98.1398
-99.7943
-99.9945
-85.632
-88.1538
-86.1015
-84.628
-85.7852
-92.7991
-96.1145
-99.1864
-119.879
-112.55
-109.143
-100.052
-96.6946
-89.9911
-91.6409
-88.7735
-85.777
-79.5364
-88.9096
-83.3691
-88.6502
-83.7991
-91.0721
-97.7078
-102.345
-137.199
-121.509
-118.714
-129.963
-141.719
-139.855
-122.58
-121.841
-121.172
-132.993
-130.013
-127.081
-110.434
-117.361
-106.932
-103.89
-104.543
-114.996
-126.844
-117.056
-115.004
-115.352
-119.747
-119.303
-107.95
-118.032
-110.283
-95.8313
-86.3214
-93.7775
-100.427
-99.7919
-97.4927
-98.4674
-90.1178
-88.7299
-88.5834
-92.0367
-84.1895
-84.7211
-79.3719
-82.4628
-97.6801
-94.3488
-93.515
-90.1648
-100.947
-116.097
-107.805
-96.5417
-95.4596
-108.763
-104.907
-102.052
-95.7129
-96.4856
-102.552
-95.636
-96.1987
-88.418
-95.3503
-91.7944
-81.333
-78.7012
-83.6548
-83.0115
-90.5066
-94.6021
-105.354
-105.468
-99.0173
-99.1907
-99.137
-100.656
-111.725
-96.1951
-104.32
-114.001
-109.68
-93.4375
-83.905
-83.9465
-83.5046
-83.23
-84.6191
-87.5708
-91.8811
-95.4443
-96.5369
-114.338
-107.607
-98.197
-92.5818
-96.4697
-87.2803
-89.7498
-93.623
-102.753
-104.006
-91.3586
-96.9312
-92.1667
-90.061
-94.0063
-93.3179
-95.2148
-84.2114
-86.9043
-81.3989
-91.8665
-82.4316
-87.5513
-73.4961
-86.637
-73.8684
-74.1663
-89.7424
-93.6682
-86.3879
-90.1477
