-75.1135
-77.8554
-84.7026
-75.2898
-87.3904
-80.4019
-81.7373
-83.1752
-91.9872
-80.9622
-86.1833
-62.697
-71.8357
-77.684
-76.7593
-84.7826
-81.8561
-92.9968
-89.083
-94.5101
-91.6849
-102.808
-102.225
-99.596
-90.2371
-84.0401
-79.2995
-76.1466
-79.453
-85.1093
-87.4676
-86.4958
-88.0522
-75.8172
-80.3417
-75.2737
-77.8092
-74.8356
-79.3333
-81.4018
-82.1525
-80.1336
-74.436
-73.5557
-74.0585
-69.2552
-68.0954
-85.6498
-86.5807
-86.5642
-82.7882
-84.6475
-87.442
-87.6661
-85.8398
-87.0616
-83.054
-79.5323
-76.3342
-75.5735
-81.0505
-77.4467
-78.735
-87.196
-81.4127
-84.4505
-78.2315
-76.634
-78.5237
-74.3185
-79.225
-83.688
-84.8387
-81.1685
-87.5947
-83.0296
-88.6296
-78.8965
-80.6821
-85.336
-82.618
-89.2016
-104.762
-118.56
-115.11
-118.998
-118.094
-111.723
-114.019
-99.3648
-94.2796
-93.0168
-87.5135
-84.1048
-87.2095
-80.6
-81.1728
-75.304
-62.8294
-70.7022
-75.126
-74.1416
-81.0974
-75.6013
-103.211
-104.485
-104.297
-100.071
-122.687
-126.934
-110.578
-119.397
-120.409
-159.053
-146.219
-154.68
-142.219
-142.603
-122.618
-142.069
-132.731
-132.748
-111.482
-113.293
-120.506
-119.117
-118.385
-126.523
-127.933
-134.926
-139.397
-131.79
-121.499
-112.89
-123.184
-126.365
-151.878
-134.551
-175.013
-124.832
-132.08
-132.26
-132.407
-129.696
-112.245
-111.882
-117.214
-125.528
-130.998
-120.71
-101.792
-100.557
-100.163
-93.3252
-108.757
-92.8667
-105.573
-96.2285
-98.7451
-93.3618
-105.732
-116.253
-120.566
-118.638
-110.745
-110.691
-116.297
-107.397
-105.42
-106.912
-108.249
-113.846
-129.227
-147.812
-140.284
-130.512
-116.993
-116.417
-109.361
-123.482
-146.761
-165.902
-137.69
-120.487
-136.94
-150.894
-134.926
-142.775
-144.224
-146.927
-125.677
-124.777
-118.752
-122.104
-102.237
-108.861
-110.008
-116.805
-100.736
-103.107
-101.273
-105.669
-115.276
-105.665
-105.283
-101.861
-108.585
-101.555
-101.257
-103.752
-111.259
-102.834
-103.85
-111
-101.112
-113.203
-133.552
-117.186
-111.74
-115.834
-124.615
-147.988
-120.275
-118.324
-124.435
-114.948
-117.018
-131.291
-115.781
-126.5
-123.139
-115.28
-113.193
-115.733
-128.078
-131.354
-127.963
-139.62
-137.294
-127.183
-105.135
-98.4053
-104.889
-99.1172
-86.0098
-93.7354
-103.034
-85.8604
-90.498
-133.38
-123.612
-135.929
-136.675
-118.134
-124.661
-126.082
-129.63
-115.734
-108.445
-100.28
-111.035
-100.172
-98.0478
-99.1494
-92.663
-99.3164
-98.4374
-99.0908
-98.0508
-110.373
-105.99
-106.424
-107.42
-107.039
-102.87
-102.68
-91.4179
-91.8575
-96.8701
-110.391
-126.246
-122.614
-135.758
-116.397
-110.007
-110.599
-103.758
-106.479
-104.188
-109.447
-107.42
-121.98
-129.876
-134.305
-140.364
-117.483
-124.022
-118.342
-121.35
-120.014
-114.501
-104.73
-107.666
-105.023
-93.7266
