-58.2325
-57.5952
-58.9665
-61.9159
-63.5705
-73.158
-61.3148
-82.8737
-79.6617
-84.7889
-68.6362
-77.1374
-68.1201
-66.2777
-64.2809
-72.3548
-65.2808
-70.6841
-62.8919
-68.2698
-71.7467
-73.6227
-72.6006
-70.2309
-61.9058
-69.3326
-61.4041
-70.7755
-60.5449
-64.6696
-63.1226
-64.5929
-62.6196
-68.2454
-63.7645
-77.1617
-68.5382
-73.8249
-59.9948
-61.1523
-60.1233
-56.5518
-58.577
-72.2128
-64.4141
-67.2195
-59.5987
-68.002
-61.0269
-63.4186
-60.69
-62.887
-63.5556
-67.3682
-68.8187
-71.0651
-72.7414
-71.8292
-66.9229
-71.0028
-67.5861
-71.9742
-63.8013
-77.85
-65.4239
-73.1177
-77.7017
-79.3005
-84.7546
-79.0259
-91.8878
-81.8826
-81.7599
-85.5203
-91.9858
-97.3999
-124.92
-137.242
-142.214
-152.967
-152.228
-132.179
-114.048
-106.409
-105.588
-109.612
-116.962
-111.952
-112.642
-117.369
-105.8
-104.255
-96.3318
-93.3557
-84.7827
-79.6271
-80.39
-81.8243
-95.8099
-91.7682
-87.2192
-82.5616
-82.9944
-85.9625
-89.7345
-98.974
-96.2396
-88.0737
-81.2659
-85.7715
-65.3046
-62.6654
-59.2383
-56.5771
-57.8363
-62.0215
-60.1837
-63.2043
-69.2535
-69.9316
-76.5546
-105.538
-126.108
-154.409
-174.587
-213.662
-193.142
-164.578
-139.521
-129.546
-128.855
-121.892
-119.331
-114.799
-106.888
-105.455
-105.844
-114.189
-124.504
-128.314
-141.057
-141.886
-130.382
-127.937
-121.467
-124.556
-128.651
-127.283
-126.295
-124.581
-121.062
-114.926
-113.667
-112.675
-116.92
-113.262
-109.7
-109.258
-115.426
-122.606
-125.36
-123.665
-114.591
-116.686
-111.508
-119.425
-117.433
-110.203
-106.147
-101.27
-106.011
-114.38
-124.404
-139.209
-145.552
-165.073
-150.701
-136.464
-121.381
-116.575
-116.959
-118.234
-121.273
-120.934
-119.91
-116.322
-118.49
-114.091
-116.913
-112.095
-111.691
-112.916
-113.746
-102.053
-101.256
-95.387
-92.7917
-90.3528
-91.6333
-95.9277
-92.3645
-86.4746
-83.2715
-76.4185
-67.2986
-70.1721
-67.6062
-70.6726
-64.4946
-58.2703
-57.2083
-63.457
-59.9792
-61.2207
-60.4004
-62.821
-68.6011
-67.4414
-68.4265
-77.2583
-79.4409
-77.2534
-64.9292
-71.6699
-64.0381
-61.9922
-61.9312
-67.4585
-62.583
-63.4692
-67.6074
-66.5942
-66.1401
-65.0073
-67.71
-59.0015
-65.083
-63.2031
-62.0215
-69.6729
-65.7568
-56.626
-68.9453
-68.4326
-73.2739
-63.4912
-65.481
-62.8125
-64.0771
-68.772
-74.2065
-73.1055
-72.229
-73.0859
-67.9443
-71.4478
-60.9595
-61.5698
-60.2563
-64.563
-58.8306
-61.4209
-61.0327
-75.3906
-76.1108
-73.0811
-75.2661
-66.2061
-64.2285
-66.4917
-69.3555
-60.4932
-69.9365
-79.1748
-72.8052
-64.2505
-67.29
-67.0093
-64.1675
-60
-58.7329
-62.0508
-60.1294
-62.749
-68.8916
-63.6279
-66.5942
-63.5303
-64.1943
-69.5142
-60.188
-53.9478
-60.7568
-62.9785
-66.9531
-60.4541
-63.4497
-61.8652
-65.874
-63.7476
-66.2769
-65.6689
-68.4814
-60.6763
-60.5957
