-63.7362
-67.7275
-67.1543
-73.177
-69.2572
-73.4988
-68.2095
-64.8643
-70.1439
-76.4439
-76.9102
-73.2682
-83.5538
-72.3191
-70.3087
-73.469
-74.858
-75.0755
-76.8776
-73.1845
-76.5945
-75.0652
-77.352
-79.9486
-85.2097
-105.948
-104.622
-108.131
-100.729
-96.7491
-94.2494
-97.6169
-96.9196
-86.1578
-103.014
-90.2789
-83.7033
-83.9893
-96.9617
-91.188
-87.8229
-94.4138
-93.6401
-94.0927
-94.3451
-85.9393
-86.705
-98.4775
-102.705
-86.5158
-89.6283
-90.1682
-79.1284
-84.5978
-84.2285
-87.2839
-82.6926
-85.9671
-89.2572
-88.9859
-87.6102
-83.8269
-87.2101
-88.3142
-82.2961
-86.4838
-90.7196
-95.3986
-98.4656
-87.7637
-84.2676
-85.166
-69.2792
-65.9796
-66.1658
-74.9225
-86.5308
-93.1207
-103.93
-104.669
-114.589
-113.821
-109.617
-97.3822
-103.48
-103.575
-100.345
-95.8881
-94.2902
-92.9645
-95.0214
-95.0433
-95.8185
-96.1798
-101.182
-107.735
-114.52
-144.101
-103.131
-97.157
-92.9352
-96.192
-103.659
-114.814
-144.233
-158.322
-186.669
-197.221
-173.038
-164.142
-147.792
-152.375
-149.9
-145.236
-149.237
-141.937
-135.455
-142.623
-148.683
-150.876
-154.916
-150.295
-148.868
-141.158
-134.529
-139.662
-141.787
-139.133
-125.845
-123.809
-119.088
-116.263
-117.922
-117.697
-117.347
-110.11
-109.651
-107.427
-107.837
-108.829
-112.378
-120.238
-115.468
-117.828
-120.573
-112.734
-103.721
-101.354
-101.271
-98.9819
-101.055
-106.107
-106.571
-102.457
-106.057
-105.093
-100.922
-98.8928
-103.274
-108.414
-101.912
-97.7722
-101.064
-104.622
-104.954
-135.269
-122.449
-142.893
-119.775
-112.408
-108.378
-98.9368
-92.2913
-92.9431
-94.292
-93.2104
-88.4253
-76.7834
-89.3237
-84.1199
-77.2095
-76.4246
-75.105
-75.8691
-76.3879
-77.97
-78.7195
-77.9431
-87.5732
-77.4695
-86.6565
-102.581
-102.722
-107.058
-87.4792
-83.0127
-82.1667
-86.4026
-79.0405
-76.4453
-87.9443
-79.1882
-82.7124
-77.6428
-81.5186
-83.5791
-102.651
-103.752
-95.8984
-89.8169
-89.8486
-86.1353
-86.6895
-84.5703
-87.4048
-86.333
-86.2891
-91.1255
-100.591
-96.5723
-98.9819
-103.196
-104.663
-81.5527
-74.2456
-86.1011
-86.9385
-91.2866
-104.741
-116.504
-115.859
-118.623
-124.907
-115.259
-104.531
-102.375
-105.088
-103.435
-101.226
-96.5747
-97.9688
-92.1069
-92.6758
-96.4868
-96.6113
-103.289
-100.933
-100.725
-95.5347
-98.3667
-89.2773
-81.062
-79.7583
-79.2529
-79.8608
-76.106
-76.3257
-76.9531
-79.939
-85.7617
-97.3145
-99.9805
-92.4707
-88.0688
-81.3721
-88.5449
-90.4761
-90.6567
-78.7427
-64.9268
-58.3203
-63.9526
-65.1953
-66.5356
-67.5391
-74.2358
-69.6265
-61.7358
-60.9644
-73.2129
-74.4238
-82.6514
-76.7773
-82.4194
-72.7051
-74.0479
-71.3354
-68.0103
-71.4136
-69.6143
-66.1572
-66.2891
-60.3125
-59.4019
-58.7158
-59.9438
-55.8398
-61.0156
-59.5239
-61.2842
-65.5029
-75.6494
-72.5513
-73.4473
-67.2778
