-70.2387
-76.6522
-75.0809
-81.0358
-71.9394
-65.7279
-66.3231
-70.2979
-68.0017
-74.4624
-72.6342
-73.3534
-73.8142
-75.8421
-70.2141
-77.5082
-76.4155
-73.5617
-78.6662
-73.1606
-87.9666
-77.4586
-73.3226
-69.7006
-83.7073
-83.3917
-73.9116
-78.1718
-82.7466
-73.559
-74.8367
-68.853
-90.5617
-104.81
-117.395
-125.058
-130.671
-135.623
-116.393
-106.487
-103.449
-105.954
-103.645
-106.971
-105.213
-101.678
-98.2428
-104.136
-104.995
-101.562
-106.299
-103.464
-100.9
-98.038
-97.2873
-97.7213
-98.9984
-100.952
-104.779
-108.575
-111.832
-109.221
-111.838
-112.662
-113.386
-120.999
-116.275
-112.452
-111.962
-105.895
-105.99
-101.726
-105.582
-108.997
-118.992
-129.928
-142.454
-147.155
-145.161
-136.016
-126.318
-118.483
-119.506
-126.778
-127.644
-123.86
-133.201
-137.74
-147.234
-146.674
-149.33
-154.609
-138.271
-136.307
-124.529
-125.829
-117.471
-123.065
-116.359
-111.678
-102.35
-105.641
-104.961
-104.34
-102.151
-99.8425
-102.292
-103.479
-106.395
-106.105
-106.598
-107.795
-103.456
-102.505
-96.9495
-92.9565
-93.9429
-95.0916
-99.1772
-96.4331
-102.615
-103.353
-113.864
-115.979
-125.32
-124.536
-116.39
-107.738
-105.688
-100.128
-99.2297
-99.3567
-100.513
-99.4946
-98.5083
-98.8391
-98.3801
-98.9014
-100.111
-105.458
-103.815
-104.009
-101.945
-100.807
-101.622
-108.8
-109.15
-110.236
-107.069
-108.173
-101.052
-104.089
-102.714
-112.313
-123.468
-127.218
-124.668
-124.07
-129.005
-135.232
-129.923
-132.15
-133.01
-126.553
-117.139
-109.124
-101.984
-98.8489
-97.1118
-97.4353
-99.8132
-109.417
-121.187
-121.849
-127.697
-122.211
-117.217
-111.595
-107.435
-114.226
-114.102
-116.976
-109.84
-110.627
-107.772
-116.91
-117.195
-114.818
-119.739
-117.48
-112.546
-117.401
-119.683
-121.643
-118.721
-109.165
-111.479
-121.282
-100.098
-103.34
-101.504
-94.292
-81.582
-66.9409
-77.998
-80.8545
-89.9341
-96.2061
-84.2993
-77.1582
-75.2661
-59.9976
-73.3032
-66.0425
-74.646
-78.2568
-75.8301
-87.4463
-85.0122
-84.2334
-70.8789
-83.0811
-82.3755
-86.3232
-87.4902
-85.4712
-65.6226
-61.1426
-69.6411
-61.7749
-63.064
-62.7808
-59.9829
-71.0498
-90.249
-91.6357
-93.208
-95.2124
-99.0625
-100.447
-100.229
-100.781
-98.0298
-95.0342
-91.0327
-90.7373
-91.9263
-94.1064
-93.8159
-95.8472
-97.6929
-100.161
-96.9409
-94.4629
-95.0781
-92.3486
-94.2773
-90.0293
-91.665
-92.5317
-98.252
-103.772
-99.5728
-100.195
-97.0117
-99.2212
-95.8398
-92.4048
-94.8218
-92.3633
-94.2383
-91.8115
-97.583
-98.9771
-97.1826
-92.5464
-97.8687
-99.9951
-105.886
-109.807
-110.461
-98.02
-83.9233
-86.5942
-77.9224
-84.1357
-72.8467
-71.0889
-76.0107
-78.6548
-79.0894
-87.6367
-89.3311
-90.9302
-88.3618
-90.7202
-78.0591
