-60.8024
-64.1924
-62.8242
-65.2843
-73.8552
-70.7241
-79.2146
-77.0729
-81.7569
-81.271
-90.1056
-85.0967
-86.4169
-82.0517
-90.0723
-90.8253
-81.2288
-89.4403
-94.4116
-97.0497
-99.1655
-90.1532
-98.4404
-96.9936
-93.4692
-94.8129
-85.9486
-88.8493
-85.032
-86.5736
-86.7596
-93.0878
-90.9424
-97.3969
-94.9631
-98.7473
-105.569
-108.711
-92.059
-89.2145
-88.5565
-89.2072
-85.592
-86.1139
-82.9407
-78.8446
-81.6718
-94.4174
-101.338
-102.443
-92.6901
-101.643
-100.584
-114.032
-95.7281
-103.37
-98.7656
-111.93
-106.478
-92.0502
-89.2889
-90.1721
-97.0477
-107.793
-106.66
-95.9033
-99.6912
-98.927
-97.5214
-86.2622
-91.0651
-91.0095
-96.2524
-88.8715
-89.4806
-82.0343
-80.1849
-85.509
-91.4105
-88.6713
-85.8527
-88.9801
-90.7422
-97.793
-95.7678
-87.0239
-86.9568
-95.8856
-100.444
-90.1123
-90.7123
-92.9803
-84.8517
-84.0649
-85.2155
-91.9354
-95.9454
-94.7223
-91.817
-81.9116
-75.0769
-65.7141
-64.8279
-67.6215
-69.2334
-72.9547
-79.1846
-80.8887
-82.3376
-79.3982
-79.5123
-86.5741
-87.2607
-86.5552
-94.1595
-95.8148
-99.4067
-106.295
-143.928
-113.989
-113.699
-119.027
-110.884
-107.76
-103.051
-107.002
-106.788
-96.8286
-94.0967
-114.174
-79.4531
-72.6001
-75.3516
-72.0142
-76.1536
-85.8789
-94.4958
-101.582
-102.483
-108.822
-104.808
-92.6489
-100.172
-76.8433
-97.7966
-80.2429
-82.196
-71.2842
-76.8677
-67.2949
-72.644
-77.926
-77.7686
-83.2666
-81.8713
-80.3369
-78.7463
-81.3
-79.0479
-88.6963
