-122.104
-144.075
-158.757
-164.933
-134.587
-115.621
-109.13
-115.123
-115.989
-126.206
-134.663
-135.108
-131.425
-140.359
-138.196
-125.39
-114.534
-105.134
-102.819
-96.5755
-91.7264
-87.804
-85.5212
-86.0162
-86.207
-90.7501
-94.2007
-90.5786
-91.0239
-91.6095
-83.2104
-79.3423
-90.8987
-74.382
-85.4105
-71.5732
-97.7545
-90.2518
-86.3147
-85.4633
-80.5362
-83.2993
-75.5777
-78.0341
-83.168
-89.8788
-88.7573
-97.5497
-95.7526
-104.401
-106.318
-107.932
-113.611
-118.203
-118.506
-104.29
-99.8785
-97.9962
