-104.935
-70.7223
-64.9621
-68.526
-76.5471
-73.4988
-80.4542
-75.443
-92.5191
-101.037
-97.3367
-95.7104
-90.4845
-89.381
-82.3376
-73.7196
-78.2089
-74.2935
-74.5453
-69.8602
-71.1717
-63.2689
-65.7152
-67.9573
-65.2226
-61.7294
-69.3341
-70.8327
-69.6922
-69.8112
-77.6013
-74.8849
-74.2305
-70.9538
-73.5077
-72.8848
-81.7728
-99.263
-104.609
-102.751
-167.161
-152.931
-138.273
-130.665
-109.583
-105.004
-84.8712
-78.7387
-71.0281
-70.5945
-70.0171
-65.6989
-75.3781
-74.776
-72.355
-71.8063
-68.5321
-77.5073
-79.3439
-81.6714
-94.9216
-125.409
-153.025
-213.902
-233.851
-245.048
-204.026
-162.419
-119.464
-111.99
-108.911
-104.672
-106.611
-102.519
-105.407
-104.202
-103.619
-103.643
-101.777
-97.3853
-108.81
-119.147
-127.005
-126.466
-145.417
-158.867
-164.341
-186.046
-176.638
-170.598
-152.917
-162.597
-170.361
-165.804
-173.935
-162.748
-161.347
-158.035
-138.824
-131.62
-111.932
-100.035
-115.815
-121.853
-125.934
-113.568
-111.488
-97.8577
-73.479
-62.4609
-63.4888
-68.7463
-75.0012
-67.5269
-60.7715
-60.863
-65.6384
-70.802
-67.9211
-67.915
-70.4358
-62.9846
-62.9712
-61.7261
-59.7803
-62.9272
-61.1169
-69.696
-61.394
-70.4492
-67.3474
-73.2117
-71.283
-83.0908
-77.9016
-74.1626
-75.0183
-82.522
-88.1006
-87.4658
-94.552
-86.7664
-83.4766
-83.5352
-72.6074
-69.8596
-63.6194
-72.5269
-71.9604
-76.25
-75.9802
-77.3865
