-62.7878
-64.3117
-64.7139
-64.0276
-64.8705
-69.9986
-69.6737
-69.7021
-72.2983
-77.8958
-80.8923
-87.3421
-92.9765
-91.9899
-94.7752
-81.5158
-85.504
-87.8882
-75.9779
-79.9963
-80.1907
-66.6974
-68.0711
-62.5839
-60.1027
-56.1084
-55.6746
-58.5587
-61.0915
-59.6368
-58.6121
-55.3218
-63.6537
-66.4685
-88.813
-88.3438
-94.4727
-92.6886
-100.356
-104.712
-103.747
-88.7692
-83.172
-72.5848
-66.8433
-65.3235
-67.2369
-59.8264
-67.0941
-67.8632
-68.7839
-57.24
-65.3561
-73.9813
-58.4756
-62.3431
-68.598
-74.4952
-73.1015
-81.4896
-76.0068
-76.9955
-65.7471
-76.4551
-70.5026
-73.1302
-69.9481
-61.6232
-64.0771
-63.5089
-68.5107
-72.5256
-63.761
-63.6731
-64.4629
-65.9363
-51.3287
-57.5934
-58.739
-61.0638
-87.5037
-99.4165
-117.767
-133.649
-143.424
-151.876
-141.773
-127.521
-123.157
-117.847
-118.083
-130.698
-150.898
-178.467
-182.775
-190.646
-178.73
-150.789
-124.058
-112.379
-108.38
-108.732
-113.85
-118.339
-117.153
-120.004
-120.798
-116.871
-108.669
-111.583
-111.039
-112.67
-113.462
-112.424
-116.26
-123.504
-139.857
-143.835
-160.179
-177.183
-184.291
-167.341
-146.207
-135.352
-120.175
-108.208
-103.914
-100.803
-99.3738
-100.826
-102.966
-101.938
-101.918
-101.067
-98.3972
-97.8516
-99.7485
-97.5281
-97.8955
-99.6008
-96.1047
-106.199
-103.575
-103.848
-105.35
-106.255
-109.631
-114.341
-125.846
-121.55
-120.781
-121.191
-108.546
-117.599
-122.782
-134.645
-136.781
-137.755
-123.848
-116.598
-110.062
-117.418
-114.434
-125.657
-120.47
-117.61
-109.958
-104.928
-96.3403
-95.1465
-87.262
-83.8782
-78.6316
-66.2878
-58.5681
-64.9475
-61.6626
-63.5071
-60.7031
-63.2959
-58.8916
-64.1187
-57.9041
-65.4321
-70.8203
-71.6626
-77.4707
-82.1448
-79.0125
-74.3494
-74.082
-68.0847
-57.3096
-61.6309
-59.989
-62.887
-55.9204
-54.6045
-59.7375
-55.5017
-60.2319
-56.2927
-60.2502
-64.7876
-64.4531
-71.7651
-66.8579
-81.2927
-64.5007
-72.6892
-62.262
-68.2727
-66.6602
-69.7522
-61.5198
-65.3894
-63.7341
-73.3899
-73.5132
-75.8618
-75.1086
-79.4458
-75.3796
-72.4194
-66.4001
-60.1672
-59.6155
-62.4072
-65.7959
-62.019
-70.1147
-57.4512
-55.8008
-52.8516
-54.9829
-48.9404
-61.8994
-58.6353
-70.1489
-58.9502
-58.8184
-55.2832
-58.9648
-50.1294
-53.0371
-54.7314
-53.9258
-63.3643
-69.3945
-62.8101
-60.4736
-59.6167
-59.4092
-54.0186
-56.8213
-54.873
-60.1685
-60.8887
-57.854
-61.7651
-65.8008
-59.9976
-60.0171
-60.7251
-62.5317
-63.3398
-62.9956
-62.2632
-63.7671
-63.7866
-65.4785
-101.355
-82.0972
-68.9844
-69.27
-70.9058
-65.0439
-59.6729
-66.5088
-67.3828
-64.3262
-60.4517
-64.7168
-63.7622
-72.2607
-72.4072
-73.0713
-72.8931
-68.3081
-62.0654
-64.314
-60.3247
-66.0498
-61.0669
-55.5811
-58.5352
-60.9839
-57.9321
-50.6885
-52.8418
-55.4443
-53.5571
-64.1284
-58.4399
-52.9663
