-99.7788
-101.086
-91.1414
-91.0692
-85.5582
-74.99
-84.8709
-79.5314
-77.7547
-81.78
-76.1079
-81.8504
-81.8316
-87.2122
-83.9645
-87.3627
-85.7155
-87.0485
-87.0096
-85.6294
-86.9464
-90.2092
-87.4493
-81.8213
-77.3958
-71.8805
-86.0852
-79.7473
-89.1231
-88.4509
-80.3778
-85.0662
-89.6143
-94.675
-93.6481
-94.9136
-93.6646
-106.847
-104.648
-118.047
-105.949
-98.4143
-94.0775
-99.0906
-100.585
-90.8978
-82.659
-88.942
-89.0417
-86.9519
-91.098
-94.7354
-98.6398
-103.872
-92.9773
-95.1105
-93.7579
-93.1003
-100.836
-109.75
-103.378
-92.688
-92.2241
-87.7637
-85.8185
-86.5662
-91.8671
-85.3479
-90.0079
-103.147
-99.6185
-101.605
-94.7815
-98.3392
-92.0905
-96.8939
-92.4969
-93.8159
-91.3055
-85.9058
-78.1482
-71.6797
-73.1085
-78.4741
-74.2175
-72.1478
-78.913
-78.2495
-83.0121
-65.2338
-75.6824
-71.6589
-68.1244
-63.5895
-63.4607
-68.9319
-65.5432
-66.8781
-77.9865
-64.3549
-92.6154
-94.3707
-101.428
-108.583
-111.469
-120.038
-107.524
-99.5386
-95.6335
-100.198
-100.638
-102.071
-102.91
-103.645
-97.9333
-95.2417
-92.0142
-94.8181
-95.8264
-96.9226
-97.0886
-96.1975
-92.1289
-88.5474
-88.1177
-86.8225
-90.8899
-101.934
-103.464
-101.769
-105.211
-100.088
-98.8782
-92.8113
-94.1724
-90.293
-89.5435
-86.3672
-85.874
-83.1812
-78.0945
-81.2537
-82.8064
-83.595
-78.7854
-82.0935
-87.2546
-100.107
-88.811
-96.7322
-103.502
-97.373
-93.2385
-96.051
-101.162
-93.7183
-93.3423
-98.4363
-94.8071
-98.5059
-95.7629
-85.6689
-76.5112
-93.5522
-87.3267
-96.4868
-104.912
-123.573
-130.808
-122.825
-143.413
-134.375
-114.951
-119.253
-109.688
-130.619
-123.905
-123.816
-126.559
-133.621
-140.079
-134.246
-120.189
-102.383
-96.6956
-96.5588
-96.2744
-89.9072
-85.3662
-84.6204
-84.7083
-84.093
-84.9707
-88.0701
-88.9636
-92.9395
-95.4102
-106.505
-96.4355
-96.5625
-95.7751
-106.012
-105.924
-98.5706
-102.485
-104.62
-105.702
-114.186
-120.706
-126.194
-119.464
-124.911
-131.733
-139.489
-132.457
-121.53
-116.279
-108.591
-107.437
-107.339
-109.329
-111.428
-114.998
-118.921
-109.639
-106.121
-105.63
-104.741
-101.255
-105.776
-107.527
-101.052
-89.8511
-90.415
-88.4033
-82.6538
-75.8618
-71.5112
-72.6196
-82.5293
-76.0083
-71.1719
-86.3135
-76.2671
-71.1377
-75.9839
-68.8013
-69.5679
-66.9312
-75.8008
-91.9165
-99.8657
-104.48
-117.979
-134.209
-134.075
-120.266
-119.07
-125.295
-119.634
-108.696
-94.1211
-94.9365
-91.6357
-98.1323
-97.6514
-99.9365
-111.311
-106.792
-108.931
-115.405
-113.787
-101.196
-104.966
-88.6523
-98.0493
-91.0864
-86.6943
-86.8213
-87.1411
-81.3599
-89.8364
-87.0508
-83.1787
-85.8862
-83.4375
-80.3564
-86.1743
-74.2725
-72.6831
-80.4834
-82.1997
-86.604
-88.8013
-98.5156
-104.038
-104.653
