-74.9174
-79.7329
-86.9382
-87.1207
-92.0893
-94.2907
-99.7898
-106.374
-116.762
-112.345
-106.48
-109.733
-104.71
-92.7339
-87.2273
-75.3456
-85.968
-83.1151
-93.3914
-97.7077
-90.0984
-90.5214
-85.0146
-86.1484
-83.2166
-75.4947
-75.9331
-72.6346
-77.3698
-77.9727
-76.2244
-77.0316
-71.2976
-81.1121
-77.0212
-81.6251
-64.4626
-76.8179
-71.6315
-63.3447
-68.0887
-62.3715
-72.4567
-68.3548
-67.4863
-68.6914
-65.3659
-69.8441
-78.3289
-87.1057
-77.7167
-80.0275
-71.7108
-72.9117
-68.6618
-64.2435
-63.5144
-74.6088
-79.7757
-73.0112
-78.0487
-77.2183
-74.8416
-67.6962
-73.0359
-73.1738
-55.6256
-62.6691
-64.588
-80.2557
-88.385
-89.92
-92.6227
-89.8541
-82.5348
-66.217
-66.1047
-70.2234
-76.9147
-84.9298
-86.5723
-87.5385
-82.796
-77.6184
-84.754
-88.7341
-85.4761
-90.647
-87.851
-87.5134
-82.8119
-79.1058
-70.7721
-83.1299
-83.0328
-77.4469
-77.4158
-77.2192
-78.8831
-77.1802
-70.1965
-70.5579
-84.3506
-89.2633
-83.1287
-83.3374
-87.536
-79.9146
-88.4583
-91.5576
-92.1185
-91.4642
-94.5282
-84.6198
-79.3304
-71.1133
-74.1858
-74.7601
-90.8893
-87.6276
-89.2529
-82.1857
-81.4874
-63.7598
-68.3325
-71.5698
-75.7556
-74.679
-70.8984
-81.7651
-84.95
-94.2065
-105.758
-109.026
-107.073
-109.027
-108.571
-89.4055
-94.8621
-95.3357
-94.7192
-88.8013
-98.844
-100.084
-86.1267
-82.8308
-75.708
-77.6355
-73.0042
-70.8118
-79.6509
-73.8953
-73.8245
-73.1091
-65.9827
-69.8389
-81.0986
-79.5557
-79.823
-81.3123
-86.7249
-88.988
-93.5291
-91.2732
-90.8044
-91.0291
-98.4766
-77.8955
-80.0745
-82.5391
-86.2634
-89.7278
-89.48
-101.78
-103.164
-104.418
-93.4351
-99.2212
-90.7349
-89.2615
-83.1189
-90.7129
-86.4758
-89.3274
-87.8296
-94.4214
-92.0471
-96.1646
-94.436
-87.0129
-88.8367
-84.7229
-85.4041
-81.6687
-80.9912
-85.5396
-81.4587
-86.6077
-90.0842
-87.0374
-90.8337
-90.5554
-93.6658
-87.2046
-80.9473
-90.5554
-85.6348
-87.1594
-87.3877
-91.4453
-87.8418
-90.9778
-80.542
-85.769
-83.8599
-90.1733
-82.5488
-81.1707
-87.7209
-90.5859
-91.1072
-90.3442
-88.4521
-88.2361
-94.2273
-96.2378
-99.7485
-93.2202
-93.6475
-83.4412
-83.5278
-84.7827
-99.0759
-100.836
-107.382
-99.2786
-100.236
-94.6753
-91.4392
-87.5623
-95.9338
-85.4919
-90.9888
-92.9492
-92.1899
-88.0273
-86.7749
-90.1245
-94.6948
-93.1958
-98.7988
-101.763
-95.73
-92.6099
-88.02
-82.981
-84.5312
-72.7515
-73.5229
-76.853
-70.9644
-76.6431
-84.4849
-90.5713
-92.1143
-87.4341
-91.0645
-75.0024
-76.8091
-72.3267
-66.1938
-64.6851
-66.8115
-71.6943
-66.8726
-73.3252
-72.3291
-79.6582
-72.6855
-72.6465
-73.3667
-71.189
-67.4976
-62.2046
-107.026
-77.6782
-84.3335
-96.3989
-95.7495
-93.1689
-100.549
-89.8462
-87.9712
-86.7114
-80.083
-83.4204
-78.5059
-85.1685
-81.416
-87.8735
-86.8457
-81.3623
-86.3477
-71.3892
-67.373
