-75.1403
-79.9558
-87.161
-87.3436
-92.312
-94.5134
-100.013
-106.597
-116.984
-112.568
-106.703
-109.955
-104.933
-92.9566
-87.4501
-75.5684
-86.1908
-83.3378
-93.6142
-97.9304
-90.3211
-90.7444
-85.2374
-86.3712
-83.4394
-75.7176
-76.156
-72.8575
-77.5927
-78.1956
-76.4473
-77.2544
-71.5205
-81.3349
-77.244
-81.8478
-64.6853
-77.0408
-71.8546
-63.5676
-68.3116
-62.5943
-72.6797
-68.5777
-67.7092
-68.9143
-65.5888
-70.0668
-78.5515
-87.3284
-77.9395
-80.2504
-71.9338
-73.1345
-68.8847
-64.4663
-63.7372
-74.8315
-79.9984
-73.2341
-78.2717
-77.4412
-75.0644
-67.9193
-73.2587
-73.3967
-55.8486
-62.892
-64.8109
-80.4785
-92.2061
-93.0791
-114.559
-102.909
-93.3728
-66.4394
-66.3274
-70.4465
-77.1372
-85.1528
-86.7949
-87.761
-83.0185
-77.8411
-84.977
-88.9571
-85.6992
-90.8694
-88.0738
-87.7361
-83.0347
-79.3286
-70.9951
-83.3525
-83.2559
-77.6696
-77.6389
-77.4419
-79.1059
-77.4031
-70.4195
-70.7806
-84.5735
-89.4865
-83.3518
-83.5606
-87.7588
-80.1372
-88.681
-91.7806
-92.3408
-91.6867
-94.7504
-84.8423
-79.5535
-71.3357
-74.4082
-74.9825
-91.1125
-87.8503
-89.4756
-82.4084
-81.7104
-63.9829
-68.5554
-71.7928
-75.9785
-74.9026
-71.1211
-97.5871
-103.127
-103.477
-86.8909
-82.4809
-90.4102
-93.5339
-96.3413
-91.1785
-93.9968
-86.354
-94.5088
-89.0244
-99.0659
-100.307
-86.3489
-83.0537
-75.931
-77.8579
-73.2268
-71.0347
-79.8736
-74.1181
-74.0478
-73.333
-66.2051
-70.062
-81.3223
-83.9898
-101.032
-86.0567
-87.337
-90.1099
-89.9106
-95.7817
-94.1484
-91.1016
-82.8736
-89.5693
-86.8931
-85.2935
-86.4858
-89.9502
-89.7026
-102.003
-103.387
-104.641
-93.6577
-99.4439
-90.9565
-89.4844
-83.3423
-90.936
-86.6982
-89.5502
-88.0532
-94.6435
-92.2691
-96.3868
-94.6582
-87.2358
-89.0596
-84.9463
-85.6274
-81.8921
-79.1148
-93.498
-79.3286
-86.064
-84.7646
-81.2022
-85.6612
-74.3584
-76.3388
-74.9707
-72.1772
-83.275
-83.8945
-87.3823
-87.6094
-91.6685
-88.065
-91.1998
-80.7656
-85.9922
-84.0835
-90.3955
-82.7725
-81.3941
-87.9433
-90.8086
-91.3301
-90.5669
-88.6744
-88.459
-94.4502
-96.4614
-99.9712
-93.4424
-93.8701
-83.6646
-83.751
-85.0063
-99.2988
-101.058
-107.604
-99.501
-100.458
-94.8984
-91.6612
-87.7852
-96.1567
-85.7138
-91.2114
-93.1728
-92.4126
-88.2496
-86.9971
-90.3472
-94.916
-93.4175
-99.022
-101.985
-95.9531
-92.833
-88.2437
-83.2046
-84.7529
-72.9756
-73.7461
-77.0772
-71.1856
-76.8648
-84.709
-90.7939
-92.3364
-87.6563
-91.2876
-75.2256
-77.0303
-72.5494
-66.416
-64.9073
-67.0356
-71.9165
-67.0943
-73.5469
-72.5522
-79.8809
-72.9067
-72.8701
-73.5894
-71.4126
-67.7197
-62.4287
-73.5557
-94.5234
-88.1075
-97.3228
-95.9722
-93.3911
-100.771
-90.0689
-88.1924
-86.9356
-80.3057
-83.6425
-78.7295
-85.3916
-81.6386
-88.0957
-87.0674
-81.586
-86.5693
-71.6132
-67.5967
