-79.8884
-88.1168
-87.0133
-91.0924
-95.8926
-104.068
-99.3964
-99.5408
-93.4507
-94.8991
-88.1773
-92.5219
-94.9085
-95.9681
-87.3806
-86.8357
-84.9266
-98.6908
-93.5683
-94.1942
-90.6382
-90.6455
-95.014
-90.9624
-90.8102
-77.0556
-73.3678
-74.8934
-78.4228
-79.3249
-84.3986
-83.0351
-80.3298
-77.5529
-78.977
-85.4561
-80.4592
-74.6272
-67.5439
-79.3488
-79.9914
-96.3973
-82.0086
-88.7234
-75.991
-75.3084
-78.2567
-79.4161
-79.7033
-85.7995
-87.1348
-83.1881
-80.2309
-68.9543
-73.5725
-88.555
-115.489
-117.711
-122.65
-111.679
-106.018
-106.864
-111.059
-109.25
-113.128
-94.3828
-88.8889
-80.0164
-84.9456
-87.0344
-88.2239
-96.1348
-104.521
-103.362
-98.1467
-97.8889
-104.831
-119.101
-123.992
-140.953
-127.655
-130.05
-120.766
-122.7
-125.623
-123.719
-130.362
-109.219
-109.039
-101.431
-91.1016
-88.708
-93.3332
-87.9097
-89.625
-97.8845
-95.2844
-101.314
-103.581
-99.6745
-93.3728
-89.1973
-89.3606
-81.7793
-82.927
-89.6543
-92.2559
-97.6765
-94.0759
-86.9326
-81.3559
-81.0286
-77.992
-85.5432
-81.1933
-79.1982
-76.1719
-78.7537
-83.1452
-83.9905
-83.7942
-101.51
-71.7232
-71.0874
-71.5225
-75.7368
-77.9509
-83.9722
-84.3611
-86.1592
-84.2915
-90.8987
-92.8169
-97.229
-93.0396
-90.6636
-89.9971
-99.2608
-89.7085
-92.9502
-113.887
-97.8413
-109.616
-106.818
-115.169
-117.665
-111.447
-163.194
-121.944
-104.681
-99.6254
-108.498
-113.445
-123.649
-122.052
-114.372
-105.274
-96.4746
-94.5
-91.8281
-92.3174
-99.6548
-97.9409
-94.3565
-100.097
-90.8789
-102.095
-106.383
-112.869
-115.982
-115.102
-109.519
-116.512
-111.948
-104.111
-98.6104
-98.5356
-95.6807
-92.187
-86.4742
-93.5537
-95.5283
-103.441
-91.5923
-90.6094
-97.3169
-112.737
-112.38
-119.934
-125.276
-122.329
-117.032
-111.686
-103.959
-109.443
-103.403
-97.7476
-92.225
-100.613
-102.664
-102.312
-95.6998
-98.6719
-94.9628
-94.2128
-91.4854
-90.2402
-91.7768
-102.942
-104.896
-116.79
-111.933
-112.762
-117.834
-130.613
-107.303
-97.0766
-97.0093
-102.74
-109.8
-106.509
-114.366
-111.291
-118.641
-101.937
-106.31
-103.053
-92.6646
-91.9102
-86.5591
-90.3076
-79.6714
-86.1768
-83.6352
-80.6411
-77.4272
-75.586
-80.3803
-80.7187
-88.9336
-91.2437
-91.396
-95.8301
-92.663
-89.0288
-87.4321
-96.3589
-90.4746
-87.9053
-90.5244
-98.9209
-92.9268
-95.3116
-105.199
-100.919
-87.6768
-90.3604
-86.5606
-88.5029
-86.5576
-90.8378
-87.4248
-87.3076
-86.5634
-83.1416
-85.8868
-89.751
-80.6309
-90.9902
-90.0908
-86.8183
-80.1152
-82.4766
-83.039
-83.9122
-93.5274
-95.0654
-101.637
-96.9756
-96.7734
-86.748
-85.9394
-83.4697
-73.1338
-79.6435
-92.8213
-94.9864
-85.0283
-77.9033
-80.4815
-77.4522
-78.038
-74.5488
-74.2061
-67.9102
-69.7764
-65.8828
