-79.6656
-87.8941
-86.7906
-92.6949
-88.448
-91.3698
-92.8848
-94.4401
-91.8203
-93.6815
-87.9546
-92.2992
-94.6857
-95.7452
-87.1578
-86.6129
-84.7038
-98.4679
-93.3455
-93.9714
-90.4153
-90.4228
-94.7913
-90.7396
-90.5876
-76.8327
-73.145
-74.6706
-78.1999
-79.1022
-84.1757
-82.8122
-80.1071
-77.33
-78.7543
-85.2332
-80.2362
-74.4043
-67.3212
-79.126
-79.7684
-98.9636
-90.7538
-89.6393
-81.1319
-81.9867
-78.0707
-80.5981
-84.3045
-82.4686
-87.9306
-83.1418
-87.807
-76.347
-76.8219
-90.4105
-98.4836
-105.648
-104.243
-105.843
-106.734
-105.297
-102.509
-98.5388
-100.241
-95.6683
-95.2081
-89.7223
-92.7673
-95.3503
-99.3066
-102.05
-106.229
-110.638
-111.242
-110.844
-112.031
-114.193
-112.258
-117.277
-109.084
-107.285
-102.247
-105.5
-105.237
-104.282
-107.502
-103.289
-103.329
-96.3336
-95.7501
-96.5344
-94.0106
-92.4658
-93.963
-99.5929
-99.8798
-101.7
-110.115
-114.171
-111.636
-106.172
-102.488
-97.182
-94.9042
-96.9623
-101.04
-101.144
-101.668
-96.6663
-93.7451
-92.3669
-91.6638
-96.7786
-92.6697
-94.5874
-89.79
-84.4373
-80.177
-85.5164
-84.1602
-82.2546
-71.5002
-70.8643
-71.3
-75.5139
-77.7283
-83.7488
-84.1382
-85.9363
-84.0686
-90.6763
-92.594
-97.0068
-92.8174
-90.4419
-84.5435
-86.2256
-79.5422
-89.9585
-93.6414
-94.8328
-106.381
-110.504
-115.173
-114.244
-111.588
-114.791
-110.472
-105.973
-101.984
-103.502
-103.7
-111.562
-112.174
-106.724
-101.143
-96.3306
-95.9009
-99.1809
-98.3667
-103.632
-99.6558
-99.3152
-101.963
-97.6733
-100.988
-101.49
-109.628
-115.598
-116.245
-110.385
-113.062
-110.88
-105.448
-104.357
-102.471
-100.209
-99.519
-97.5977
-101.599
-102.417
-103.473
-101.902
-106.932
-110.32
-109.63
-106.83
-108.755
-110.38
-109.745
-108.156
-107.828
-104.646
-103.522
-99.5557
-95.8569
-92.2461
-92.9492
-91.3489
-90.7117
-91.1731
-92.2046
-91.0425
-91.7224
-92.5488
-92.1155
-92.7661
-97.0691
-100.236
-104.42
-107.802
-111.456
-112.69
-103.86
-98.4937
-98.501
-97.4731
-100.791
-107.925
-113.21
-123.862
-115.046
-122.969
-112.773
-109.485
-98.1665
-93.4302
-91.7285
-86.3354
-90.083
-79.4482
-85.9546
-83.4131
-80.4175
-77.2046
-75.3638
-80.1562
-80.4956
-88.7109
-91.0205
-91.1743
-95.6079
-92.4414
-88.8062
-87.2095
-96.1353
-90.2515
-87.6831
-90.3003
-98.6987
-92.7051
-95.0879
-104.978
-100.696
-87.4536
-90.1367
-86.3379
-88.2788
-86.333
-90.6177
-87.2021
-87.085
-88.0811
-84.6143
-86.167
-88.7695
-89.0356
-92.2754
-89.9463
-82.5195
-72.9321
-76.7554
-78.9355
-77.3486
-83.2202
-89.4824
-100.847
-92.8857
-96.5308
-88.2715
-86.8726
-80.7812
-71.2378
-77.8076
-92.6562
-95.083
-80.9155
-75.6616
-78.3911
-75.2002
-76.1768
-84.7339
-82.1533
-66.792
-63.2446
-63.2446
