-91.1585
-93.3965
-96.8899
-99.4289
-101.402
-107.238
-104.657
-108.098
-101.178
-100.978
-96.1607
-97.3679
-97.4347
-98.0083
-95.1384
-100.973
-95.3932
-98.7466
-97.2188
-102.064
-100.649
-99.9022
-104.181
-97.6126
-94.4719
-92.8288
-94.3808
-95.3116
-94.035
-85.2905
-74.0924
-81.2823
-91.701
-95.9152
-89.0317
-92.2693
-84.9738
-100.259
-94.6188
-97.7676
-90.2121
-86.9031
-86.6229
-83.9462
-95.1776
-84.4022
-75.3937
-75.3732
-78.0627
-74.6039
-76.7224
-73.6331
-88.5938
-81.6159
-77.8833
-72.3669
-73.2416
-92.5171
-95.3625
-101.007
-105.211
-104.511
-99.682
-102.219
-99.3585
-102.719
-99.6448
-98.6536
-97.5873
-99.6204
-99.9847
-98.5406
-96.4301
-96.1725
-92.7429
-95.235
-91.7096
-90.6409
-88.7933
-89.6472
-91.9519
-93.2312
-94.2188
-91.3007
-92.2644
-94.9005
-95.351
-99.5209
-100.373
-99.007
-96.8677
-93.2391
-93.9075
-96.0638
-96.5051
-101.036
-102.38
-106.618
-107.759
-112.087
-104.324
-102.407
-96.0754
-98.8617
-94.873
-94.8846
-91.0333
-93.5199
-97.1375
-98.2605
-104.211
-106.755
-108.113
-113.03
-112.079
-109.279
-106.766
-101.14
-99.53
-89.4897
-88.5205
-90.4138
-80.3906
-82.3694
-83.8525
-84.8499
-81.5942
-80.1001
-77.9883
-91.25
-93.6536
-90.8582
-89.8779
-90.4761
-91.1902
-90.8264
-93.4705
-94.6973
-95.2527
-95.802
-97.5439
-100.422
-101.465
-102.625
-103.657
-104.829
-106.06
-108.848
-103.901
-100.095
-95.8826
-92.926
-91.1548
-89.8779
-90.7068
-89.884
-91.5613
-92.0728
-91.3806
-90.3076
-90.6079
-88.916
-89.8267
-93.96
-98.1836
-101.558
-99.989
-103.701
-104.302
-100.856
-99.425
-95.9448
-96.5906
-99.8877
-99.6338
-103.082
-98.3875
-95.4236
-95.1562
-94.4775
-96.1621
-92.4805
-92.3633
-92.2852
-94.1919
-96.7334
-99.5044
-96.9299
-97.1326
-97.4182
-100.46
-103.197
-111.963
-113.293
-109.874
-108.101
-100.784
-97.7881
-91.145
-89.4751
-91.9788
-101.704
-121.226
-129.354
-139.417
-139.807
-126.62
-99.2932
-98.2483
-96.9824
-105.17
-106.683
-108.313
-103.608
-103.203
-103.25
-103.364
-99.7949
-99.7485
-104.873
-109.192
-108.574
-111.187
-114.546
-119.355
-120.254
-118.521
-121.265
-123.423
-125.884
-120.469
-111.345
-107.231
-103.071
-107.825
-107.637
-108.254
-112.358
-114.011
-111.729
-107.17
-103.772
-99.0698
-90.5957
-90.0952
-90.0439
-91.7969
-96.1133
-94.9634
-98.5938
-100.94
-104.739
-107.163
-106.194
-103.13
-103.95
-97.9688
-101.875
-100.291
-107.034
-109.531
-109.377
-108.506
-105.208
-99.9414
-95.3369
-96.8506
-98.02
-96.8457
-96.5967
-95.5029
-94.7974
-94.082
-91.3135
-88.5864
-90.686
-91.9214
-96.416
-99.5947
-99.2188
-103.882
-99.2383
-100.085
-100.925
-103.682
-104.993
-106.35
-99.646
-93.3643
-92.1997
-92.1558
-97.1948
-104.795
-90.5249
-93.5962
-89.3481
-84.8096
-83.7305
-82.8564
-83.9453
-86.9434
-96.5723
-100.718
-91.5601
-107.202
