-51.3884
-51.3871
-50.5441
-53.5715
-51.8753
-50.035
-42.7316
-52.7309
-48.2669
-43.7738
-45.9263
-41.7755
-42.5434
-48.0401
-42.2936
-56.4878
-49.3596
-43.3722
-50.359
-45.8351
-46.9025
-56.7427
-55.5438
-56.4578
-59.4554
-60.7309
-54.435
-52.9524
-51.1591
-51.3034
-50.7456
-46.8263
-42.2863
-44.5808
-34.8596
-33.9019
-37.6756
-34.1306
-36.4343
-39.0704
-41.5306
-39.162
-39.6432
-42.5348
-44.9815
-44.1876
-51.8569
-52.5196
-52.3411
-52.0738
-52.808
-50.5192
-46.5752
-44.2344
-46.7044
-43.7743
-41.3378
-37.7292
-34.8173
-31.8535
-32.9826
-30.1963
-30.9662
-30.0998
-30.7727
-35.1264
-38.4884
-40.7674
-43.562
-46.1291
-40.2334
-43.1737
-46.6142
-46.7809
-51.9503
-50.0544
-52.6358
-51.8174
-51.3043
-51.3391
-48.1322
-51.8987
-45.7068
-50.2537
-41.2189
-48.3029
-41.424
-44.5895
-38.287
-39.398
-40.6732
-45.4919
-42.3871
-44.6232
-50.665
-42.5592
-43.2016
-39.9892
-40.9907
-42.9408
-41.8993
-41.8792
-41.7719
