-75.3179
-75.7237
-75.2916
-75.4385
-75.5778
-74.0412
-80.6195
-73.3646
-74.5745
-85.8649
-93.4192
-94.1914
-88.3022
-84.5285
-82.9666
-76.1256
-74.7769
-67.822
-75.1942
-89.9624
-82.034
-89.6194
-81.3389
-76.8468
-81.5938
-75.822
-78.586
-77.2506
-83.9718
-67.7497
-78.3103
-67.4502
-73.2858
-71.4902
-74.4568
-77.0951
-81.24
-85.5271
-81.0967
-89.1076
-88.0718
-89.6828
-91.0133
-92.7674
-90.5592
-91.8409
-92.9179
-96.9602
-100.221
-105.759
-104.327
-106.376
-99.6968
-99.201
-110.448
-110.66
-97.1232
-95.6946
-81.071
-78.7921
-82.9823
-78.4966
-83.9666
-85.8175
-90.9526
-92.8194
-91.9742
-87.6149
-106.519
-99.9019
-102.014
-104.6
-103.912
-96.1025
-91.9768
-85.0481
-82.6699
-78.4219
-78.0703
-76.6055
-87.6643
-78.1926
-70.935
-62.7832
-66.03
-71.6507
-76.0415
-92.696
-95.2684
-102.007
-100.599
-113.057
-106.474
-102.234
-93.5617
-86.5898
-86.967
-82.177
-78.46
-88.3388
-90.2945
-87.1326
-88.7834
-97.5812
-98.3576
-92.8909
-84.2381
-81.9719
-81.353
-84.4944
-86.6425
-96.7984
-101.936
-95.4595
-92.8931
-92.0669
-93.7632
-106.183
-100.562
-99.6452
-103.435
-99.189
-98.8242
-104.21
-124.475
-117.177
-117.263
-109.277
-117.714
-124.1
-120.383
-123.11
-107.837
-104.987
-97.804
-100.934
-117.166
-95.688
-85.8706
-96.7588
-81.2959
-77.8535
-79.2305
-83.1475
-82.7183
-92.8579
-112.857
-113.685
-114.678
-112.181
-98.855
-92.6939
-90.2593
-100.296
-105.507
-116.083
-117.945
-115.399
-115.544
-114.583
-113.727
-114.957
-102.981
-101.166
-97.6289
-101.415
-110.772
-103.71
-106.172
-98.4947
-100.677
-96.0469
-91.5366
-96.7075
-101.621
-97.5762
-96.0118
-90.8321
-91.79
-87.9419
-87.3604
-86.6734
-87.709
-97.3388
-103.329
-101.484
-93.6679
-100.044
-99.9419
-98.0317
-96.4073
-110.328
-100.182
-99.5171
-105.047
-104.918
-109.638
-111.264
-122.035
-119.95
-140.597
-126.438
-131.921
-105.744
-99.3032
-94.85
-91.1573
-91.4063
-87.6841
-83.0156
-79.8354
-90.0616
-95.3584
-90.9082
-97.916
-100.146
-103.816
-93.6606
-94.6874
-90.5478
-95.3614
-100.972
-105.239
-107.048
-113.646
-131.548
-112.89
-104.319
-103.128
-118.311
-128.249
-119.09
-112.811
-112.586
-95.7275
-91.9555
-99.6988
-92.3071
-102.006
-105.819
-110.225
-110.413
-108.779
-104.433
-103.879
-103.767
-93.0264
-85.2656
-88.8896
-92.4185
-81.3852
-86.1856
-84.2461
-93.1157
-93.5713
-88.9526
-94.4195
-95.9443
-94.2876
-96.2022
-102.457
-101.148
-105.343
-104.323
-102.009
-97.708
-92.9033
-94.1982
-88.2803
-92.8301
-124.392
-115.418
-123.677
-121.828
-109.687
-112.245
-96.0967
-86.8388
-94.7315
-99.8116
-115.816
-136.022
-156.205
-125.364
-117.548
-98.5898
-97.79
-93.2754
-94.2744
-93.5801
-89.9297
-83.7187
-82.7168
-83.5664
-91.2275
-90.7177
-97.7578
-88.0664
-86.8418
-83.5811
-75.5244
-80.4697
-77.9033
-74.3116
-76.9864
