-191.754
-121.3
-161.16
-147.552
-135.433
-118.589
-120.217
-104.66
-105.246
-104.786
-101.632
-91.8006
-90.4044
-96.7632
-107.778
-119.876
-136.246
-121.483
-108.014
-100.789
-93.728
-96.9575
-84.265
-81.8471
-81.0808
-92.3586
-82.8642
-84.1801
-67.0411
-67.8281
-74.7832
-85.6772
-80.7312
-89.227
-81.3556
-82.3597
-78.1014
-80.7275
-72.2354
-72.8239
-71.9956
-73.2422
-62.2896
-68.3676
-74.0984
-74.64
-79.9519
-77.692
-71.5459
-70.2678
-67.3338
-57.5332
-64.1316
-60.0864
-73.4638
-69.4219
-92.9465
-89.8117
-97.0463
-131.586
-100.111
-90.0114
-104.691
-105.777
-110.983
-120.592
-129.488
-107.777
-97.1089
-106.336
-108.346
-113.585
-117.681
-115.29
-110.25
-98.1526
-99.7918
-114.429
-114.286
-121.824
-143.396
-156.406
-155.473
-127.097
-121.89
-121.11
-111.114
-108.5
-99.7807
-91.9973
-94.1616
-88.8296
-87.7214
-79.634
-84.4578
-92.6726
-95.4865
-99.846
-107.18
-108.198
-111.306
-96.9676
-100.617
-92.7576
-89.7788
-90.115
-88.9937
-93.4432
-98.2141
-102.643
-95.6184
-104.121
-110.574
-127.864
-95.6477
-103.912
-114.963
-116.561
-117.91
-86.5891
-91.648
-84.3677
-84.9133
-88.2005
-90.7486
-96.9053
-94.0664
-104.18
-106.21
-109.125
-111.066
-113.817
-117.116
-119.5
-113.673
-115.764
-116.373
-121.985
-98.6104
-90.7734
-87
-84.189
-85.771
-88.185
-92.7685
-95.3687
-94.9073
-97.8384
-99.9785
-132.223
-107.669
-100.378
-102.768
-113.796
-125.626
-130.309
-139.698
-172.387
-140.394
-130.003
-140.623
-148.288
-152.898
-176.168
-179.497
-168.264
-144.57
-129.484
-125.138
-117.646
-118.371
-124.17
-138.318
-165.114
-156.158
-157.349
-219.592
-144.599
-146.13
-139.526
-133.535
-123.67
-117.075
-119.057
-123.58
-127.508
-130.631
-126.008
-116.525
-110.137
-119.347
-127.489
-127.355
-113.966
-118.025
-116.465
-116.971
-122.534
-122.514
-128.026
-135.158
-131.648
-124.262
-125.21
-124.95
-125.67
-127.022
-130.144
-122.177
-120.174
-115.166
-123.115
-130.476
-135.061
-125.228
-116.638
-115.898
-112.74
-125.312
-123.943
-127.339
-136.116
-138.367
-141.484
-119.824
-114.504
-116.326
-123.492
-136.14
-141.958
-135.858
-136.248
-115.099
-121.518
-120.73
-111.299
-105.029
-103.474
-109.773
-114.539
-116.071
-113.435
-106.98
-104.912
-107.707
-101.083
-109.711
-111.516
-104.344
-107.792
-106.104
-94.5996
-84.0616
-87.2285
-95.4346
-93.0674
-102.275
-108.372
-107.253
-121.187
-136.846
-136.427
-126.047
-121.447
-120.228
-113.487
-99.4746
-95.2207
-84.7061
-90.1699
-87.4102
-85.6524
-81.123
-77.3378
-66.0264
-66.1201
-61.0078
-62.3174
-71.8388
-69.0469
-68.9209
-59.3027
-68.4668
-66.3106
-70.7168
-70.002
-66.038
-61.4473
-66.4951
-69.9199
-69.1055
-88.7988
-108.932
-108.407
-112.509
-104.663
-95.6455
