-65.7817
-66.7954
-63.6247
-63.5059
-67.8607
-65.1249
-70.1311
-72.5452
-70.0163
-68.567
-64.4517
-61.2223
-60.4277
-67.4976
-60.7751
-74.5199
-67.8199
-70.2571
-64.7649
-73.6284
-69.9841
-74.7015
-68.1891
-71.3933
-63.3157
-62.2832
-61.46
-62.1524
-56.6049
-60.0427
-56.5813
-60.648
-59.7934
-60.9006
-64.6248
-62.879
-68.8408
-66.1215
-64.5241
-64.7212
-60.1053
-57.7719
-69.5901
-62.8299
-63.1918
-61.6403
-60.8093
-57.7213
-60.9106
-68.884
-72.4219
-62.0667
-69.4281
-68.9526
-64.4821
-63.0292
-67.9556
-66.9043
-63.4259
-62.139
-61.6528
-66.9998
-70.5405
-75.8167
-77.0538
-89.4934
-94.8621
-93.8864
-104.471
-101.987
-97.5894
-98.1152
-102.817
-102.919
-110.918
-114.716
-113.934
-108.271
-110.69
-126.284
-118.568
-105.856
-94.8199
-97.3743
-94.5282
-96.767
-98.1726
-96.181
-94.8578
-104.998
-110.68
-113.108
-113.368
-124.107
-128.811
-132.972
-129.058
-122.22
-113.489
-101.42
-108.327
-108.751
-104.255
-95.5023
-99.9908
-96.2256
-88.0084
-90.3265
-100.479
-96.178
-114.656
-173.279
-125.59
-118.821
-115.193
-114.161
-107.49
-98.8776
-92.5256
-93.6871
-85.6122
-84.895
-91.3025
-94.4482
-95.1025
-95.3809
-88.9429
-83.6877
-82.0715
-83.1323
-88.4973
-95.0903
-100.164
-97.7112
-93.9026
-94.8071
-121.219
-101.971
-82.8857
-75.9119
-75.7288
-78.999
-80.8044
-76.1243
-73.1152
-78.5339
-65.7983
-69.2383
-66.5259
-67.1069
-72.8076
-54.5923
-65.5859
-59.5862
-60.5627
-57.2656
-60.4163
-59.4958
-57.6758
-62.8015
-71.7053
-60.5505
-63.1628
-61.167
-65.2026
-64.4702
-65.7568
-61.9397
-60.7495
-65.8398
-60.2832
-70.7056
-67.417
-61.7981
-64.8657
-60.8203
-69.8169
-65.6274
-63.9636
-62.8613
-63.7805
-62.323
-62.9663
-60.4211
-58.3264
-55.1318
-63.9661
-61.8604
-64.0161
-74.1016
-78.9111
-67.0667
-64.7937
-64.9487
-62.9675
-56.4136
-55.2307
-60.1599
-61.1963
-63.844
-64.6326
-62.5146
-65.9741
-63.3276
-62.2095
-63.0322
-61.5137
-62.9529
-67.4866
-64.6472
-61.2634
