-58.3268
-59.3005
-66.915
-69.1123
-85.3656
-76.0736
-78.159
-73.5062
-73.4154
-82.7427
-69.3312
-69.6908
-69.1196
-66.0674
-69.6813
-65.7655
-69.0745
-65.7543
-69.4666
-69.4507
-80.0688
-89.0636
-91.9374
-97.5858
-100.597
-97.0741
-85.3062
-77.6579
-83.1447
-71.4632
-66.5829
-58.575
-61.4084
-57.7977
-56.6568
-59.0878
-61.4291
-64.9536
-66.3437
-66.2936
-65.7281
-60.0021
-62.6389
-58.7369
-64.3484
-68.7115
-73.9597
-79.9194
-85.3934
-88.2767
-87.338
-93.6935
-90.8835
-100.288
-82.3276
-86.6794
-70.4132
-69.0244
-69.4693
-62.6099
-58.8242
-57.6898
-59.007
-58.9081
-60.614
-65.4501
-69.22
-70.8774
-66.8256
