-74.7755
-77.3868
-74.748
-76.6399
-85.5444
-81.6317
-77.7518
-82.3868
-96.0155
-92.3346
-98.7851
-84.5927
-77.7889
-62.8504
-70.1585
-76.59
-79.4791
-85.6613
-86.9695
-85.352
-79.9164
-76.297
-81.9035
-79.6733
-89.5001
-87.1379
-84.7981
-79.9988
-81.2431
-77.8397
-79.2
-72.634
-73.9673
-66.8994
-64.9908
-64.3204
-76.8597
-89.4781
-93.7952
-94.5102
-100.468
-100.88
-99.1772
-97.8455
-96.181
-92.8342
-92.1127
-91.0724
-89.5532
-94.5288
-98.2541
-99.6616
-103.076
-99.6439
-95.9702
-91.7468
-89.7061
-89.1013
-88.9868
-85.4538
-86.4285
-86.5741
-87.6898
-89.8553
-87.8778
-88.974
-89.6277
-93.4943
-94.3243
-87.8784
-84.5624
-73.8574
-78.4528
-78.8013
-73.5126
-74.9207
-70.9814
-69.5392
-71.4368
-78.6615
-76.2097
-82.4036
-90.1312
-93.1891
-97.5122
-97.9388
-100.821
-95.1819
-96.7487
-97.1069
-93.5889
-93.5876
-94.5294
-98.0817
-99.4128
-99.408
-97.2589
-97.4554
-94.657
-93.4766
-95.8289
-94.1626
-91.7365
-88.5907
-86.3165
-86.391
-86.0675
-90.2838
-88.9398
-90.4822
-93.3282
-95.3387
-93.9496
-92.0239
-93.8409
-89.845
-87.7167
-88.4442
-88.1787
-90.0024
-89.4556
-91.178
-92.3425
-93.5449
-102.162
-98.3386
-101.26
-96.8286
-99.8755
-99.4446
-98.9282
-105.468
-105.792
-104.647
-100.088
-93.5498
-92.373
-91.908
-95.3149
-97.1912
-91.9336
-92.1802
-95.2795
-100.577
-106.692
-115.359
-119.042
-118.225
-111.277
-106.757
-98.2654
-95.7788
-96.0022
-90.0452
-88.3142
-91.1536
-90.7385
-91.0828
-91.4856
-91.9446
-95.6396
-97.1252
-97.655
-102.148
-98.2263
-96.5137
-100.563
-107.098
-110.281
-109.96
-109.919
-107.028
-101.802
-95.4272
-97.8369
-97.6587
-97.4475
-100.251
-98.2227
-99.8279
-95.3394
-94.1638
-90.1196
-93.0762
-94.6277
-96.6992
-95.8606
-95.813
-90.3174
-90.5176
-89.856
-91.9836
-94.0637
-93.8147
-96.5161
-101.259
-102.501
-101.843
-100.398
-101.978
-96.4429
-94.3823
-94.0454
-94.1394
-98.291
-99.2322
-102.911
-98.4326
-98.8367
-93.2361
-98.0505
-96.084
-98.3704
-93.7329
-93.3643
-89.4214
-89.2749
-89.3616
-93.2202
-94.6704
-97.8076
-94.6582
-92.998
-96.5698
-95.8203
-94.8022
-96.4429
-98.54
-106.316
-115.476
-153.457
-188.376
-191.201
-150.195
-109.644
-98.584
-96.1597
-95.4053
-108.416
-102.258
-103.84
-98.4009
-100.513
-95.2393
-99.3408
-94.4214
-95.7227
-92.1216
-94.5581
-93.2129
-96.7749
-98.6792
-100.432
-102.092
-101.643
-105.735
-104.844
-102.837
-96.9556
-98.4839
-99.4165
-102.031
-109.529
-105.198
-108.728
-114.419
-109.614
-117.209
-132.122
-158.569
-149.292
-127.104
-103.977
-92.7368
-90.5591
-94.2993
-95.2759
-92.8882
-95.6006
-99.7656
-99.7046
-93.9429
-84.2578
-80.437
-77.1899
-76.5234
-76.9067
-82.0728
-80.791
-89.7217
-88.1274
-90.3955
-89.4385
-91.3672
-90.5322
-91.2354
-81.9482
