-86.1541
-88.8122
-89.4152
-86.6142
-91.0658
-93.6322
-102.23
-106.108
-113.218
-111.824
-108.818
-105.897
-102.491
-100.868
-103.912
-104.864
-103.745
-99.6771
-99.8582
-97.2603
-95.7513
-93.403
-99.8584
-102.325
-109.477
-108.827
-108.636
-99.4614
-94.9838
-90.8029
-92.3676
-88.5849
-87.3471
-86.4261
-86.5234
-90.4474
-90.3781
-89.4244
-88.0508
-88.5837
-87.4631
-87.9138
-91.1169
-87.1732
-87.67
-88.4326
-89.5743
-88.7057
-88.3945
-88.0792
-85.8612
-89.6878
-89.0622
-91.7767
-90.2747
-94.2816
-95.5811
-94.9048
-93.4601
-94.4269
-94.5258
-97.9083
-102.614
-108.127
-102.872
-104.321
-100.466
-100.786
-94.8352
-91.1865
-88.7085
-87.5378
-88.2147
-89.1949
-90.8063
-90.799
-92.9938
-95.6866
-100.009
-102.284
-107.772
-100.974
-96.1084
-96.4642
-95.9863
-93.2275
-94.7198
-94.2932
-96.8073
-98.6163
-95.9058
-96.4441
-85.2478
-84.2914
-76.0284
-68.4808
-69.812
-73.576
-79.1504
-85.5139
-90.3101
-93.2733
-100.381
-95.7721
-108.464
-98.9117
-102.617
-98.1226
-91.1871
-82.8442
-86.3428
-80.863
-89.5569
-75.8606
-72.4023
-62.8149
-65.3699
-62.5879
-62.2705
-65.8728
-79.4348
-81.3684
-88.075
-72.9297
-75.8716
-74.7302
-74.5691
-78.8831
-81.1938
-83.1067
-76.8823
-79.6082
-75.8826
-82.6282
-92.749
-84.9475
-82.4402
-79.3323
-76.3904
-70.061
-79.104
-69.3799
-78.5254
-71.217
-79.3542
-71.8018
-77.7344
-71.4282
-77.5244
-65.8472
-76.6296
-70.5542
-70.0806
-66.4905
-67.5269
-70.4102
-83.2373
-69.5715
-74.3726
-64.6777
-62.3877
-72.9968
-85.6909
-81.5173
-91.4417
-89.2688
-87.0081
-92.5671
-77.4817
-86.6675
-92.345
-94.5715
-96.7395
-99.5337
-94.8547
-90.5945
-86.6895
-86.9348
-91.7297
-81.814
-80.415
-75.1318
-76.8115
-86.51
-82.8271
-89.0369
-89.1516
-88.0676
-78.9465
-74.7998
-75.8875
-76.9116
-74.6106
-73.031
-68.186
-69.519
-68.9624
-68.5315
-65.1807
-68.8599
-72.4292
-85.7581
-85.8276
-90.896
-96.7859
-75.4749
-83.0298
-81.2854
-84.2212
-76.0571
-75.3174
-65.9851
-70.9033
-63.2104
-75.7739
-79.2737
-83.4229
-79.7913
-64.7461
-75.7837
-76.7908
-67.3413
-65.293
-72.1179
-66.3306
-70.2673
-69.5898
-70.2161
-77.9639
-63.3728
-71.6748
-59.9414
-71.9409
-67.157
-75.3882
-73.2605
-76.4185
-62.1997
-70.8276
-71.5198
-84.4861
-72.9919
-76.5088
-64.5972
-64.5923
-69.9512
-70.437
-69.4116
-65.6079
-60.5151
-72.3462
-62.666
-68.9819
-80.6641
-80.6763
-73.6108
-72.7368
-76.98
-73.1836
-71.4258
-59.9463
-64.7412
-65.3662
-64.541
-69.7339
-66.9141
-72.1558
-67.2534
-68.457
-67.8174
-78.6597
-71.0181
-79.7925
-65.957
-59.1357
-61.1011
-66.6919
-73.3447
-68.6157
-71.4917
-68.0273
-72.7979
-80.2954
-73.9868
-83.2739
-94.0723
-91.7188
-97.4951
-88.2153
-74.812
-68.3862
-65.9277
-70.9814
-76.5991
-81.0791
-77.1289
-67.8613
