-91.0382
-90.2954
-89.4716
-89.9252
-87.5939
-92.0423
-98.0712
-105.415
-115.471
-102.907
-101
-102.102
-99.4289
-100.722
-95.97
-99.5599
-99.7908
-100.346
-98.94
-91.9328
-87.0655
-85.5694
-90.9576
-93.7043
-101.737
-98.6827
-106.68
-102.699
-100.797
-95.7198
-102.94
-98.9843
-91.014
-92.8513
-81.8873
-85.2792
-80.5913
-84.899
-86.4155
-90.1003
-81.9788
-89.054
-94.1707
-87.5412
-85.5696
-89.1068
-89.2943
-83.2709
-81.7562
-81.0655
-80.1552
-86.3548
-83.157
-88.7761
-91.7992
-96.4303
-96.6991
-95.1592
-92.8286
-99.5285
-97.2982
-97.4484
-100.44
-110.075
-104.032
-93.7222
-93.1069
-95.4082
-92.3876
-93.7405
-93.698
-88.2283
-84.4285
-96.5003
-92.507
-93.9938
-99.9294
-103.779
-107.475
-97.8215
-102.925
-105.352
-83.8704
-85.4136
-92.3189
-95.4097
-96.9301
-87.0937
-84.3875
-95.4749
-100.679
-107.356
-85.815
-83.9384
-76.2517
-68.7041
-70.0349
-73.7988
-79.3733
-85.7374
-90.5332
-93.4958
-100.604
-95.9948
-108.686
-99.1348
-102.839
-98.3452
-91.4099
-83.0669
-86.5657
-81.0857
-89.7803
-76.084
-72.6254
-63.0373
-65.5936
-62.811
-62.4931
-66.096
-79.6574
-75.2988
-75.323
-74.7788
-74.6389
-78.6072
-74.636
-69.9829
-77.2522
-79.7351
-79.2751
-81.8144
-83.9188
-81.3457
-82.5352
-85.1704
-82.6626
-79.5557
-76.6128
-70.2847
-79.3272
-69.602
-78.7486
-71.4404
-79.5776
-72.0234
-77.9561
-71.6514
-77.7466
-66.0703
-76.853
-70.7768
-70.3037
-66.7134
-67.7504
-70.6319
-83.461
-69.7939
-74.5957
-64.9014
-62.6104
-73.2202
-85.9146
-81.7398
-91.664
-89.4917
-87.23
-92.789
-77.7041
-86.8901
-96.4658
-102.883
-101.074
-96.7104
-88.6758
-98.9546
-95.9048
-101.804
-101.583
-104.351
-98.1372
-79.6874
-80.4976
-88.8764
-80.9268
-94.4224
-87.6988
-83.2939
-67.4736
-82.333
-86.3642
-79.6069
-71.8506
-67.686
-67.0254
-73.9732
-72.479
-67.399
-56.0215
-53.7128
-65.0069
-79.8223
-81.1817
-86.1299
-92.1065
-67.9849
-82.9336
-78.6211
-81.2461
-73.8955
-68.3555
-66.5976
-69.7764
-57.9214
-64.5748
-76.9907
-82.3872
-74.584
-70.9996
-81.416
-81.3427
-71.1709
-64.563
-67.2144
-65.0581
-62.209
-63.7646
-60.8876
-70.9702
-59.4346
-75.5903
-59.4756
-66.1406
-65.1504
-71.2793
-72.539
-68.2471
-60.3296
-67.7725
-76.2466
-91.087
-70.415
-76.5293
-72.6533
-65.001
-76.9394
-82.3051
-73.9175
-70.4224
-58.9555
-66.022
-61.251
-66.4922
-76.8208
-76.1425
-72.5888
-70.2012
-81.041
-71.2925
-64.8882
-56.2734
-62.1358
-59.458
-61.604
-63.8803
-66.9726
-72.4585
-73.0429
-64.6597
-67.749
-74.3774
-66.5332
-75.167
-56.3672
-50.792
-57.0878
-59.7949
-77.061
-68.1606
-72.3984
-64.7798
-67.9424
-85.998
-92.8608
-77.3584
-84.542
-98.2837
-93.3106
-83.2544
-75.0352
-68.6089
-66.1508
-71.2031
-76.8208
-81.3002
-77.3525
-68.0845
