-84.7091
-89.7979
-90.9729
-94.6858
-93.9643
-90.8726
-87.8199
-89.6376
-87.9776
-82.4794
-86.6692
-83.4528
-84.8297
-88.6463
-79.1242
-77.1959
-72.8542
-83.8541
-75.056
-82.7574
-83.5229
-84.4896
-82.0338
-83.1441
-85.1141
-94.4315
-90.7513
-87.3683
-80.6523
-82.7594
-80.9738
-85.6244
-83.974
-82.0432
-79.0521
-82.7109
-81.3428
-74.0359
-75.6067
-86.803
-86.5585
-77.6694
-87.7396
-78.3075
-83.0615
-76.8942
-78.233
-78.9728
-73.4781
-75.9769
-77.5424
-78.5785
-72.6395
-70.2737
-81.9644
-83.8965
-78.8162
-78.501
-77.6279
-83.5135
-88.6874
-86.5735
-84.9359
-84.9377
-80.542
-87.2107
-85.7373
-81.7926
-80.4559
-82.915
-83.7964
-80.1886
-86.6687
-82.2827
-86.6077
-94.751
-91.2018
-86.4697
-81.6357
-78.6542
-78.8556
-78.9697
-77.1497
-78.288
-89.5233
-94.1644
-92.9755
-84.2596
-88.3307
-81.2408
-85.39
-86.0504
-93.9905
-94.0082
-89.2255
-91.8616
-84.1125
-79.4965
-78.0182
-82.8802
-90.7874
-95.592
-100.504
-105.302
-108.591
-109.924
-105.55
-100.295
-102.086
-102.993
-108.753
-108.843
-105.346
-104.389
-101.645
-96.5875
-92.373
-90.2991
-90.2911
-92.6587
-94.3115
-95.0269
-96.3379
-95.8069
-93.2605
-89.7803
-91.5894
-89.3774
-90.481
-95.1636
-92.4573
-93.2764
-90.2014
-89.6167
-88.9929
-88.9844
-94.4983
-98.54
-107.197
-111.741
-108.058
-101.442
-100.267
-96.897
-97.5623
-96.8018
-98.6975
-100.657
-100.264
-101.342
-98.5767
-99.4336
-98.1763
-97.4988
-97.7551
-104.456
-102.635
-101.937
-102.546
-100.961
-95.6848
-97.4597
-103.546
-112.498
-108.591
-114.879
-104.666
-101.211
-93.1799
-94.4006
-93.9343
-95.9094
-93.1702
-92.229
-96.2268
-94.751
-97.5366
-99.2346
-101.483
-98.2239
-99.0295
-96.9116
-96.2097
-98.313
-94.5239
-85.5713
-83.9404
-80.4211
-69.0796
-66.7542
-68.429
-67.7502
-76.9165
-79.281
-78.3972
-81.1865
-92.3755
-87.3755
-89.7546
-87.0605
-85.8728
-86.095
-73.7756
-71.2708
-75.022
-75.3052
-76.759
-77.2998
-83.3252
-87.2473
-80.4272
-78.7805
-76.012
-85.0647
-98.4961
-116.367
-122.943
-115.71
-112.172
-113.173
-130.066
-122.054
-116.754
-119.033
-102.379
-99.2749
-87.9333
-84.9072
-82.3828
-75.4004
-76.9434
-77.8223
-79.5801
-80.3711
-82.3755
-82.8687
-78.9038
-82.002
-87.5854
-83.9038
-85.7202
-86.6333
-89.1187
-80.5371
-78.7744
-79.2261
-79.7339
-77.3877
-83.3691
-77.7979
-79.2163
-77.7856
-81.7285
-87.2266
-90.9937
-91.1597
-81.9775
-77.0703
-71.6138
-65.1733
-75.3076
-73.0933
-72.6953
-72.168
-69.9707
-73.252
-67.002
-66.8066
-68.6914
-76.6162
-78.2593
-80.3394
-74.8193
-75.4834
-75.188
-81.2915
-85.918
-85.0073
-84.314
-86.6724
-90.8813
-89.0771
-91.9849
-87.5537
-72.1289
-77.9248
-71.2964
-83.7939
-74.0967
-86.2549
-75.5176
-86.8823
-77.4414
-85.1904
-81.6675
-84.2383
-78.5132
-76.7212
-75.3125
-68.4546
-68.5938
-75.9229
-79.9927
-78.8892
-70.7251
