-103.354
-102.401
-110.832
-114.784
-112.305
-114.865
-125.891
-117.161
-110.024
-118.348
-121.687
-115.427
-111.227
-110.155
-111.952
-100.742
-108.3
-89.9046
-89.8273
-87.7351
-89.9261
-83.95
-85.1332
-100.368
-106.222
-110.815
-123.625
-120.05
-113.102
-113.362
-109.288
-115.114
-119.016
-112.994
-111.287
-108.349
-103.632
-103.405
-102.596
-102.342
-100.83
-102.877
-104.258
-103.617
-106.383
-115.041
-116.329
-111.827
-113.264
-111.43
-107.639
-108.02
-104.26
-103.124
-100.511
-97.2736
-94.0143
-93.9441
-99.2236
-104.703
-103.533
-104.68
-105.085
-109.219
-114.801
-126.718
-134.194
-136.016
-140.246
-147.168
-150.392
-139.577
-159.016
-160.906
-161.736
-160.298
-160.68
-158.565
-146.025
-135.348
-122.462
-120.701
-121.808
-129.949
-154.519
-165.004
-150.262
-150.577
-156.51
-152.372
-139.678
-133.799
-129.608
-126.929
-116.342
-106.942
-100.84
-101.26
-97.677
-95.321
-96.7004
-96.6919
-98.6682
-101.376
-101.858
-103.436
-101.93
-104.945
-106.304
-103.623
-103.021
-105.892
-108.293
-112.694
-122.682
-135.111
-126.296
-122.499
-117.393
-107.826
-101.849
-98.9783
-100.712
-104.271
-101.765
-104.248
-116.583
-113.768
-113.721
-121.628
-127.727
-123.661
-125.665
-136.47
-143.192
-134.653
-134.763
-146.632
-138.784
-131.836
-135.042
-143.215
-146.996
-161.152
-190.588
-214.487
-211.842
-226.388
-206.796
-164.032
-124.124
-105.89
-100.593
-95.0525
-95.7861
-99.2871
-100.494
-105.327
-108.204
-109.424
-115.636
-115.437
-113.284
-117.544
-132.344
-150.485
-172.013
-165.261
-163.655
-151.426
-135.095
-132.678
-124.609
-121.709
-110.791
-100.852
-92.8052
-82.4243
-84.2163
-82.4976
-84.1138
-84.0161
-78.02
-76.1206
-77.8564
-72.6611
-75.7837
-71.4624
-72.4146
-74.8218
-80.2344
-73.2764
-77.9224
-78.6401
-77.1484
-73.9771
-79.5508
-81.2549
-75.1099
-74.6436
-78.5449
-76.6968
-77.0532
-74.165
-69.8169
-75.249
-77.9346
-74.6802
-77.8906
-75.5566
-77.5146
-72.0654
-78.6914
-77.9736
-79.8853
-76.0767
-71.3452
-76.853
-69.5142
-75.7617
-77.9443
-80.2759
-76.8677
-74.2261
-79.1797
-67.3145
-70.415
-70.542
-69.6899
-72.7002
-72.4805
-70.2856
-72.3193
-71.8066
-80.7007
-72.3584
-75.8081
-73.479
-94.6558
-103.669
-85.7715
-78.6523
-90.6787
-77.6123
-78.4448
-77.1851
-73.3325
-71.543
-75.8276
-79.8169
-86.5649
-78.3276
-75.8594
-82.5562
-81.9019
-83.4009
-79.2065
-76.4551
-78.0396
-75.1294
-72.146
-71.2744
-70.481
-73.6938
-81.4551
-91.6528
-83.1787
-87.7881
-73.7866
-75.9546
-76.0913
-77.6099
-80.3271
-77.2778
-74.8389
-73.7183
-74.895
-75.6299
-73.1934
-78.1738
-77.9321
-84.7876
-74.8047
-77.7344
-81.2329
-78.0933
-73.0347
-75.3589
-81.2695
-85.5566
-88.3838
-81.1108
-78.2715
-83.9453
-84.7949
-87.9639
-76.1084
