-66.0046
-67.0183
-63.8476
-63.7288
-68.0836
-65.3478
-70.354
-72.768
-70.2391
-68.7899
-64.6746
-61.4453
-60.6506
-67.7206
-60.9979
-74.7427
-68.0428
-70.48
-64.9877
-73.8512
-70.207
-74.9244
-68.412
-71.6162
-63.5387
-62.506
-61.6829
-62.3754
-56.8279
-60.2657
-56.804
-60.8708
-60.0163
-61.1236
-64.8478
-63.1018
-69.0635
-66.3443
-64.747
-64.944
-60.3281
-57.9947
-69.8128
-63.0527
-63.4147
-61.8631
-61.0321
-57.944
-61.1334
-69.1069
-72.6449
-62.2896
-69.6511
-69.1754
-64.7051
-63.252
-68.1782
-67.1272
-63.649
-62.3617
-61.8757
-66.6031
-69.5412
-83.2684
-83.2266
-77.9008
-80.5097
-93.1253
-89.4324
-92.6876
-91.8095
-101.734
-100.895
-101.426
-101.186
-107.077
-116.086
-136.009
-119.632
-108.469
-99.3893
-96.4244
-86.4785
-94.5857
-91.5637
-84.3582
-90.9236
-90.7127
-93.2006
-96.0425
-96.6482
-101.195
-99.4826
-100.292
-110.858
-109.16
-109.671
-113.564
-112.004
-125.544
-119.506
-106.652
-108.322
-105.03
-109.582
-106.433
-105.469
-101.645
-109.272
-105.338
-114.25
-112.977
-129.673
-109.529
-102.524
-109.737
-102.828
-98.1929
-96.0812
-88.6912
-88.5191
-88.0766
-89.9978
-90.6606
-88.5446
-88.0715
-88.5227
-84.9646
-85.1557
-86.2507
-85.0129
-83.5715
-84.1751
-87.1612
-88.9702
-98.0339
-92.8982
-91.689
-90.4805
-77.759
-74.414
-79.8566
-80.3262
-74.8447
-73.3381
-78.7566
-66.0212
-69.4607
-66.7486
-67.3301
-73.0298
-54.8144
-65.8081
-59.8096
-60.7852
-57.4892
-60.6401
-59.7187
-57.8994
-63.025
-71.9282
-60.7734
-63.3852
-61.3901
-65.4258
-64.6933
-65.9795
-62.1622
-60.9726
-66.063
-60.5053
-70.9277
-67.6406
-62.0215
-65.0888
-61.0429
-70.04
-65.8506
-64.1866
-63.085
-64.0034
-62.5459
-63.189
-60.6445
-58.5498
-55.355
-64.188
-62.083
-64.2392
-74.3232
-79.1338
-67.289
-65.0171
-65.1709
-63.1904
-56.6368
-55.4531
-60.3823
-61.4195
-64.0664
-64.8545
-62.7378
-66.1963
-63.5508
-62.4331
-63.2549
-61.7358
-63.1758
-67.7095
-64.8706
-61.4868
