-57.6779
-56.3005
-64.3033
-51.8657
-59.7013
-56.1
-74.2243
-86.1779
-94.2939
-96.6047
-103.54
-103.374
-109.163
-108.405
-107.997
-105.048
-100.962
-103.343
-97.9021
-92.5609
-90.9184
-91.7253
-94.9091
-96.4922
-98.3492
-97.5673
-79.249
-75.6595
-86.5231
-87.3143
-83.8504
-79.8062
-78.6685
-76.9922
-75.0894
-71.4035
-73.663
-68.0142
-74.8413
-72.9657
-70.8832
-83.5654
-81.5988
-80.9756
-72.3386
-76.3663
-98.317
-96.2619
-98.3905
-102.682
-110.645
-106.141
-105.211
-105.651
-107.62
-102.701
-101.405
-104.724
-102.461
-107.044
-100.252
-103.308
-103.132
-100.554
-96.1328
-97.713
-98.6639
-103.021
-104.57
-102.274
-102.103
-100.702
-96.7657
-96.1627
-91.9958
-92.7979
-91.3312
-91.7932
-92.2675
-91.7938
-96.2372
-98.9087
-97.7826
-98.4357
-99.3665
-102.145
-108.548
-104.615
-109.26
-105.953
-111.647
-110.067
-113.901
-117.442
-124.466
-121.553
-112.184
-104.677
-103.914
-101.902
-100.654
-100.632
-98.7213
-97.8253
-94.3134
-93.9307
-90.1904
-92.2888
-92.2662
-93.0969
-93.8367
-94.5447
-96.9824
-96.4062
-103.375
-102.548
-102.561
-95.3003
-92.1033
-91.0474
-89.6887
-89.0259
-88.1763
-89.7083
-91.04
-92.2815
-93.3936
-94.3335
-92.5305
-94.1724
-89.7986
-90.1746
-88.8367
-88.396
-88.4937
-89.0234
-88.8208
-95.5151
-95.4688
-100.149
-98.0896
-94.0149
-92.3511
-91.9458
-97.5317
-100.836
-108.621
-100.243
-100.553
-95.1111
-90.5359
-87.2241
-89.1882
-86.7786
-90.2246
-87.0837
-89.0576
-87.1265
-85.5957
-85.4834
-85.8313
-84.1809
-85.686
-85.2905
-85.6812
-84.5752
-84.762
-82.2974
-84.5032
-82.8601
-84.2297
-82.8479
-82.3157
-81.5369
-84.8035
-86.7981
-91.5808
-91.6565
-97.0593
-96.5466
-99.5776
-103.174
-109.24
-114.084
-112.059
-115.45
-108.168
-112.758
-113.027
-111.151
-110.454
-104.121
-102.085
-97.3914
-98.1665
-95.2173
-101.292
-95.0806
-102.378
-99.4189
-100.916
-99.0051
-99.4519
-97.677
-95.8752
-94.01
-92.0471
-87.3071
-85.957
-90.658
-92.8369
-96.2524
-94.6558
-98.158
-96.1926
-95.5176
-90.6677
-92.522
-94.5142
-92.8101
-87.8955
-91.145
-98.1055
-102.227
-105.049
-102.617
-98.9673
-89.6362
-94.0381
-97.6099
-95.4126
-97.5684
-96.8628
-97.5122
-93.186
-92.9199
-91.0693
-94.519
-100.623
-98.9771
-99.4165
-95.8276
-98.6987
-96.5137
-91.2842
-89.7534
-85.3784
-87.8931
-96.2598
-104.363
-109.155
-115.662
-114.382
-104.861
-93.3325
-88.2764
-86.9458
-86.2939
-87.7783
-88.0469
-88.5791
-90.564
-90.7715
-95.1587
-96.2061
-103.149
-101.094
-104.49
-103.813
-104.5
-98.2324
-96.3965
-93.5449
-92.334
-92.9028
-95.0049
-97.4316
-98.9038
-99.8096
-100.549
-105.876
-92.3242
-95.8057
-99.3677
-99.2627
-96.0205
-93.2983
-94.6167
-100.31
-104.004
-106.394
-107.285
-98.3765
-90.1294
-91.9336
-92.6538
-92.2705
-88.6206
-87.9175
-91.062
-94.5264
-93.6426
-84.6362
-83.0469
-70.0903
