-113.489
-124.767
-157.671
-153.161
-139.84
-119.454
-117.845
-103.828
-104.2
-95.8659
-96.9827
-94.5282
-97.0172
-103.483
-113.524
-119.781
-142.737
-140.186
-126.656
-108.22
-102.425
-89.7722
-84.0421
-81.6241
-80.8578
-92.1359
-82.6416
-83.9575
-66.8182
-67.6053
-74.5602
-85.4544
-80.5084
-89.0039
-81.1328
-82.1371
-77.8787
-80.5048
-72.0126
-72.601
-71.7728
-73.0194
-62.0667
-68.1448
-73.8757
-74.4174
-79.729
-77.4692
-71.3229
-70.0449
-67.1106
-57.3105
-63.9087
-59.8636
-73.241
-69.1992
-86.0886
-94.8029
-102.04
-105.266
-112.252
-105.827
-107.04
-109.175
-113.123
-127.105
-129.798
-118.02
-102.687
-106.066
-110.128
-113.559
-114.588
-118.079
-111.753
-109.291
-105.69
-109.582
-111.669
-115.698
-128.402
-129.952
-124.636
-107.651
-105.345
-103.784
-103.196
-103.098
-105.368
-99.3732
-94.8395
-95.4822
-99.6332
-93.2715
-92.7655
-91.2524
-92.193
-96.0797
-104.904
-102.23
-105.454
-96.7072
-97.7155
-89.8285
-87.876
-87.1899
-88.0908
-95.0659
-98.1909
-98.9026
-99.0955
-102.938
-101.987
-101.324
-93.9001
-98.009
-99.0039
-97.0129
-94.3481
-95.1135
-99.5105
-96.2903
-98.0286
-93.8135
-94.9854
-94.7437
-92.3999
-95.6482
-99.198
-103.663
-106.406
-108.401
-107.704
-108.484
-104.374
-108.607
-104.995
-106.738
-96.7432
-92.6013
-90.647
-86.5686
-86.5771
-88.457
-92.0813
-93.3813
-93.9233
-95.3162
-97.0654
-94.0759
-95.9741
-95.1282
-97.3633
-102.627
-116.001
-124.208
-131.918
-137.568
-156.763
-148.07
-161.412
-166.011
-168.928
-158.911
-156.757
-152.424
-139.087
-126.829
-125.813
-115.16
-120.508
-121.803
-133.35
-140.476
-135.608
-136.869
-134.833
-137.246
-134.283
-138.468
-135.355
-127.235
-117.332
-115.115
-112.118
-114.181
-119.001
-124.21
-124.882
-120.443
-114.786
-115.582
-110.387
-103.623
-109.093
-109.785
-116.663
-120.732
-118.606
-121.155
-126.829
-121.184
-116.296
-116.79
-115.356
-113.24
-110.798
-116.226
-113.186
-118.123
-116.584
-126.846
-129.856
-133.059
-123.394
-115.913
-112.9
-104.875
-107.749
-100.837
-102.781
-109.436
-110.437
-111.45
-105.813
-107.507
-109.583
-116.187
-113.267
-116.035
-116.543
-120.173
-114.338
-115.493
-114.861
-111.323
-109.155
-105.142
-107.024
-109.497
-111.758
-108.018
-104.133
-103.63
-110.034
-107.251
-112.002
-108.21
-105.264
-106.802
-107.529
-105.837
-103.269
-102.48
-99.0698
-104.553
-108.53
-114.351
-115.432
-118.962
-120.515
-125.364
-121.377
-116.311
-115.693
-113.137
-99.5068
-94.9976
-84.4824
-89.9487
-87.1875
-85.4297
-80.9009
-77.1143
-65.8032
-65.8984
-60.7837
-62.0947
-71.6162
-68.8232
-68.6987
-59.0796
-68.2446
-66.0864
-70.4956
-69.7778
-65.813
-61.2231
-66.2744
-69.6973
-68.8843
-84.1333
-107.007
-118.601
-112.695
-105.869
-95.4224
