-62.5601
-71.8559
-69.3984
-72.1878
-76.484
-81.1102
-84.7255
-82.0264
-79.2617
-80.7136
-82.0728
-90.8281
-92.7433
-102.143
-100.354
-96.7804
-84.0235
-84.9901
-84.0805
-85.4369
-84.2882
-77.2402
-83.5543
-84.167
-86.7329
-82.8395
-81.9124
-79.1138
-88.6703
-71.2211
-78.841
-66.2212
-83.1853
-76.4033
-76.6264
-75.9596
-75.6587
-74.9147
-80.2675
-85.6626
-89.3764
-95.8868
-90.0919
-104.397
-125.465
-142.099
-142.315
-167.148
-136.687
-116.989
-121.782
-110.056
-130.246
-109.263
-100.968
-91.3524
-89.5254
-77.2643
-78.6299
-75.3575
-80.4224
-80.0255
-77.4763
-85.85
-80.7198
-102.304
-145.238
-190.169
-238.027
-273.552
-260.516
-222.127
-168.254
-134.689
-141.125
-140.185
-138.539
-131.239
-136.865
-139.946
-135.768
-129.46
-124.098
-122.699
-113.344
-113.931
-122.838
-133.736
-141.566
-143.366
-137.414
-122.734
-127.345
-139.568
-159.576
-144.486
-137.791
-125.053
-124.411
-119.855
-111.39
-122.765
-131.39
-160.38
-143.902
-110.259
-109.356
-98.3467
-99.0476
-97.79
-91.2553
-90.6313
-87.5874
-77.8228
-82.853
-82.3624
-78.7412
-79.6494
-92.3599
-77.5151
-95.2925
-88.1221
-82.667
-74.9825
-71.9297
-67.5396
-70.938
-78.4628
-75.7236
-77.1094
-76.1484
-76.9175
-73.415
-72.1597
-67.3681
-70.6626
-70.7065
-70.5
-76.0298
-87.0132
-85.3388
-80.0112
-80.0185
-81.1392
-84.4614
-83.2691
-88.1982
-83.6924
-78.9947
-66.895
-73.5044
-69.0337
