-81.6567
-91.5298
-91.5822
-87.31
-85.6935
-88.199
-99.7896
-93.6131
-100.309
-97.1433
-96.0981
-87.2421
-95.3038
-94.5554
-94.6738
-86.5822
-84.3021
-95.2135
-96.6656
-100.149
-103.11
-102.644
-96.5779
-100.537
-95.6403
-87.231
-86.1667
-78.7973
-84.5374
-71.3153
-81.7343
-69.9014
-78.7177
-73.7106
-75.4843
-80.5969
-84.4067
-79.7562
-76.2228
-81.7941
-69.3094
-73.9258
-70.6879
-75.0851
-70.7697
-77.2873
-89.7531
-98.5516
-97.9074
-95.8502
-91.0641
-82.6083
-84.6732
-86.5067
-96.6632
-93.6096
-95.762
-98.4033
-106.192
-97.8827
-95.0446
-94.7046
-99.9573
-92.254
-88.28
-87.0728
-103.196
-96.7218
-96.189
-86.0083
-85.094
-78.2751
-81.2415
-80.871
-84.1504
-80.6824
-84.6796
-98.844
-94.0704
-101.714
-99.1144
-103.969
-100.561
-102.773
-98.7524
-92.2205
-88.8226
-90.1935
-89.4043
-93.1696
-94.0973
-93.374
-97.3962
-102.587
-110.336
-104.831
-100.107
-103.37
-104.543
-107.622
-101.724
-103.67
-107.556
-112.666
-130.932
-147.327
-145.797
-124.455
-101.775
-93.772
-91.7529
-94.668
-94.3018
-96.1072
-92.9016
-93.8586
-92.0081
-91.886
-93.8892
-93.5339
-93.0957
-97.0874
-96.5662
-96.311
-91.3757
-90.9985
-87.3645
-89.7742
-92.3181
-89.021
-86.5149
-87.7551
-86.615
-90.4163
-88.2874
-89.1479
-93.0737
-93.0884
-96.6162
-98.3252
-102.233
-95.2368
-96.6077
-95.1038
-95.6909
-89.1333
-90.9705
-89.6851
-90.9302
-90.271
-89.9084
-89.4861
-91.3989
-91.8994
-91.8188
-94.0808
-90.957
-93.8794
-95.9338
-98.9551
-97.6501
-95.1074
-95.6616
-99.2847
-106.893
-112.266
-125.953
-124.049
-126.119
-122.579
-118.545
-116.919
-110.848
-110.409
-100.068
-99.9963
-106.604
-106.522
-103.643
-98.49
-100.657
-104.625
-105.082
-102.505
-94.4751
-89.2639
-89.2358
-87.8967
-86.0413
-81.427
-75.3638
-71.261
-76.6968
-83.8892
-78.5828
-80.3809
-78.877
-79.5093
-80.3662
-80.1379
-82.0398
-79.9902
-70.9351
-65.0024
-67.7527
-70.0525
-72.1448
-75.3528
-73.9819
-77.8296
-67.8845
-72.4817
-73.1287
-72.2412
-68.7073
-73.623
-78.9111
-81.2378
-92.7771
-96.2305
-88.7439
-92.9443
-96.4001
-95.2344
-95.6079
-88.5352
-81.687
-83.8525
-80.9888
-79.8926
-79.5117
-81.6772
-83.3008
-84.3066
-85.6323
-82.0483
-82.8369
-88.8745
-87.3901
-91.3647
-87.2339
-127.688
-103.03
-101.992
-104.419
-117.773
-112.632
-131.724
-98.7549
-96.7285
-93.5571
-97.8735
-98.7354
-99.6118
-97.0361
-94.8047
-97.2217
-92.4414
-90.2832
-89.8828
-93.9282
-96.0864
-97.8955
-102.817
-102.214
-103.225
-101.003
-103.672
-100.054
-102.058
-98.1152
-96.9531
-89.7998
-91.5308
-88.9648
-92.7075
-99.3164
-97.8345
-99.6338
-100.901
-100.137
-100.349
-108.154
-105.859
-95.3247
-91.6187
-90.4639
-91.9824
-86.1743
-86.7261
-72.312
-75.2515
-67.5586
-74.7534
-61.4819
-83.6963
-57.2876
