-62.3947
-66.6083
-67.7383
-58.0844
-68.4833
-68.4952
-71.7949
-62.7275
-58.959
-61.1891
-67.6003
-66.1009
-68.2126
-66.6146
-66.6994
-74.8117
-66.335
-76.7839
-76.6381
-78.2234
-76.1825
-70.4702
-63.4717
-65.5139
-59.0254
-59.3579
-59.3287
-61.1786
-67.0247
-61.9081
-66.639
-70.3666
-76.7591
-71.0495
-76.2241
-71.3448
-71.1832
-73.8082
-69.5279
-68.0314
-72.7636
-66.8413
-65.9804
-59.2784
-72.3976
-57.1106
-77.0258
-76.7581
-80.3119
-77.4818
-75.4196
-77.7769
-67.1389
-74.9645
-72.505
-70.2323
-70.411
-70.9446
-75.8382
-76.3078
-63.8452
-64.0349
-59.3928
-60.8105
-58.6853
-63.0839
-69.3548
-69.2845
-65.3141
-69.3959
-64.3242
-76.9355
-62.3162
-75.6017
-71.1756
-74.6188
-72.5617
-77.5294
-76.3147
-70.9996
-74.2973
-56.3628
-71.8106
-61.3781
-74.5206
-88.9259
-95.0804
-90.9572
-81.6881
-84.5838
-80.2405
-88.0804
-93.9265
-108.472
-113.397
-107.151
-123.901
-128.75
-110.757
-98.6118
-92.5804
-89.5832
-74.877
-75.6877
-71.5129
-78.7156
-74.3489
-69.9968
-83.6755
-72.0491
-85.024
-95.4119
-83.3452
-92.7128
-87.5266
-85.1148
-77.275
-65.7319
-81.0446
-77.7041
-92.8213
-92.4265
-98.4404
-88.6751
-76.2356
-77.4119
-69.6702
-62.2859
-67.155
-73.4238
-64.6003
-63.0278
-68.625
-75.2476
-70.3594
-75.665
-80.7392
-79.0034
-85.8047
-84.3354
-91.7256
-92.3071
-95.663
-86.685
-79.9204
-64.8618
-63.071
-71.2646
-63.0769
-61.9585
-68.8037
-77.3584
-70.4663
-75.2893
-72.2629
-82.0759
-83.9341
-77.8403
-87.8378
-88.3997
-85.9834
-87.7148
-85.3945
-79.2378
-73.5748
-72.8291
-70.8486
-73.1323
-74.6543
-73.711
-76.0561
-72.2842
-68.4536
-66.6636
-65.9238
-66.8687
-69.7002
-80.1973
-79.4429
-72.9726
-67.626
-65.4565
-66.4394
-70.6319
-61.8106
-62.9106
-67.7988
-59.2778
-68.4976
-68.54
-72.1963
-71.4155
-75.561
-78.315
-79.7666
-78.712
-82.5557
-77.275
-72.2754
-71.3378
-71.8828
-75.9346
-70.0283
-65.502
-71.3701
-66.4907
-71.833
-81.7193
-72.3164
-70.9922
-66.2915
-73.645
-76.563
-73.8545
-71.8315
-71.8872
-73.1132
-67.3565
-74.7128
-76.6406
-78.4014
-79.4488
-76.689
-75.7807
-74.9766
-69.2006
-73.4195
-69.7427
-85.1616
-88.5894
-91.289
-97.8223
-111.971
-104.779
-95.6866
-89.3452
-90.9287
-86.2705
-76.7563
-73.522
-60.3516
-61.9805
-70.4927
-62.354
-77.0551
-66.7207
-73.7798
-66.101
-62.4536
-57.1567
-59.2427
-64.4122
-64.2158
-71.2998
-64.3228
-67.9585
-53.1445
-68.9604
-58.377
-61.292
-66.7896
-69.7954
-75.7016
-82.3242
-77.4902
-76.9262
-72.2798
-63.3984
-66.7002
-57.3266
-56.6191
-64.727
-67.7461
-59.4947
-61.7006
-64.9966
-64.8896
-67.5542
-67.462
-62.7744
-62.3496
-63.2725
-62.7832
-70.3799
-66.8086
-74.5898
-76.7798
-74.9516
-73.1338
-74.5151
-78.1128
-83.373
-89.8067
-87.1376
-89.9956
-87.4732
-85.0898
-85.1
-81.2651
-75.4732
-61.9277
-69.1978
-67.601
-67.73
-63.5581
