-62.1719
-66.3855
-67.5155
-57.8616
-68.2604
-68.2723
-71.5721
-62.5045
-58.7361
-60.9662
-67.3774
-65.878
-67.9897
-66.3918
-66.4765
-74.5888
-66.1122
-76.5611
-76.4153
-78.0007
-75.9596
-70.2473
-63.2489
-65.291
-58.8023
-59.135
-59.1058
-60.9558
-66.8019
-61.6852
-66.4162
-70.1436
-76.5363
-70.8266
-76.0011
-71.122
-70.9602
-73.5854
-69.3051
-67.8085
-72.5406
-66.6187
-65.7578
-59.0555
-72.1747
-56.8875
-76.8033
-76.5353
-80.0891
-77.2589
-75.1968
-77.554
-66.9159
-74.7418
-72.2821
-70.0095
-70.188
-70.7217
-75.6155
-76.0849
-63.6224
-63.812
-59.1699
-60.5875
-58.4625
-62.861
-69.1318
-69.0619
-65.0912
-69.173
-64.1016
-76.7123
-62.0935
-75.3787
-70.9531
-74.3964
-72.3389
-77.3065
-76.0919
-78.2031
-76.5436
-69.1638
-78.609
-68.9307
-86.5472
-88.0847
-85.5707
-90.7343
-81.4655
-84.361
-80.0177
-87.8577
-93.7036
-108.249
-113.174
-106.928
-123.679
-128.528
-110.534
-98.3893
-92.3578
-89.361
-74.6539
-75.4651
-71.2903
-78.493
-74.126
-69.7742
-83.4528
-71.8262
-84.801
-95.1892
-83.1226
-92.4902
-87.3035
-84.892
-77.052
-65.509
-80.8221
-77.4811
-92.5983
-92.2034
-98.2178
-88.4521
-76.0132
-77.1887
-69.4476
-62.063
-66.9324
-73.2007
-64.3774
-62.8046
-68.4021
-75.0244
-70.1361
-75.4419
-80.5164
-78.7805
-85.5823
-84.1125
-91.5027
-92.085
-95.4407
-86.4624
-79.6973
-64.6387
-62.8479
-71.0425
-62.854
-61.7358
-68.5815
-77.1362
-70.2429
-75.0659
-72.0398
-81.853
-83.7109
-77.6172
-87.616
-88.1775
-85.7605
-87.4915
-85.1721
-79.0161
-73.3521
-72.6062
-70.6262
-72.9089
-74.4324
-73.4888
-75.8325
-72.0605
-68.2312
-66.4404
-65.7007
-66.6467
-69.4775
-79.9744
-79.2212
-72.7502
-67.4036
-65.2344
-66.2158
-70.4089
-61.5881
-62.688
-67.5769
-59.0552
-68.2751
-68.3179
-71.9727
-71.1938
-75.3381
-78.092
-79.5447
-78.4888
-82.3328
-77.052
-72.052
-71.1145
-71.6602
-75.7117
-69.8059
-65.2783
-71.1462
-66.2683
-71.6101
-81.4966
-72.0947
-70.7703
-66.0693
-73.4216
-76.3391
-73.6316
-71.6089
-71.665
-72.8906
-67.1338
-74.4897
-76.4185
-78.1787
-79.2261
-76.4661
-75.5591
-74.7546
-68.9783
-73.197
-69.519
-84.9377
-89.1223
-90.8801
-93.0139
-100.433
-101.044
-92.8357
-87.5195
-87.3975
-86.0486
-76.5332
-73.2983
-60.1282
-61.7578
-70.2698
-62.1313
-76.8323
-66.4978
-73.5559
-65.8777
-62.2314
-56.9336
-59.0198
-64.1895
-63.9929
-71.0767
-64.0991
-67.7344
-52.9211
-68.7366
-58.1543
-61.0681
-66.5662
-69.5728
-75.4785
-82.1021
-77.2668
-76.7029
-72.0569
-63.175
-66.4771
-57.1033
-56.3965
-64.5044
-67.522
-59.2712
-61.4783
-64.7729
-64.668
-67.3315
-67.2388
-62.5513
-62.1265
-63.0493
-62.561
-70.1562
-66.5845
-74.3677
-76.5576
-74.729
-72.9102
-74.292
-77.8906
-83.1494
-89.585
-86.9165
-89.7729
-87.251
-84.8682
-84.8779
-81.0425
-75.2515
-61.7065
-68.9746
-67.3779
-67.5073
-63.335
