-74.63
-81.9229
-86.0008
-84.4042
-83.6174
-79.5664
-88.2897
-100.322
-108.742
-110.077
-124.548
-110.408
-106.311
-98.2753
-92.9987
-107.157
-94.1464
-99.0021
-94.4334
-98.7921
-95.499
-93.5243
-93.2832
-85.4182
-82.9669
-77.6657
-90.7037
-91.2468
-89.8355
-90.2524
-91.0861
-90.9067
-89.7952
-91.8747
-91.7114
-93.0188
-92.1173
-91.1618
-91.499
-91.2839
-90.8179
-94.0536
-95.3644
-95.7614
-97.3773
-98.9059
-95.4941
-100.694
-96.2665
-96.6888
-95.6119
-95.0128
-102.464
-122.906
-140.087
-135.853
-116.003
-101.008
-99.447
-91.5936
-90.2765
-89.2841
-87.5714
-86.2122
-85.8191
-86.4209
-86.6473
-87.149
-85.8655
-86.4679
-90.4321
-91.4227
-99.5227
-99.0417
-98.4186
-96.7316
-94.2743
-91.6174
-97.6398
-94.3298
-95.1215
-94.9963
-99.09
-96.7004
-96.0724
-93.3624
-96.7755
-92.2064
-90.6335
-92.4365
-91.5887
-89.8871
-89.0253
-89.0112
-89.6631
-90.528
-93.6139
-94.599
-93.3081
-88.0438
-91.2793
-91.5521
-91.1292
-92.3206
-91.8579
-95.2209
-105.531
-109.268
-110.114
-105.656
-97.2107
-91.0486
-89.8682
-90.6873
-94.5496
-95.0623
-97.793
-91.7517
-91.1182
-87.5916
-82.6123
-85.1086
-78.4216
-92.5647
-89.8816
-92.8821
-87.6038
-89.8389
-83.8208
-77.8711
-76.7297
-75.9851
-66.0242
-69.613
-78.6304
-76.4233
-77.616
-70.5933
-78.7134
-81.6724
-81.593
-85.6592
-92.3389
-96.7151
-94.3701
-95.3748
-91.1609
-100.212
-99.1907
-94.7607
-86.9397
-85.9546
-83.3398
-80.5994
-85.741
-75.6628
-65.0928
-79.4788
-73.5645
-84.3225
-87.041
-86.2329
-92.5098
-97.2925
-98.6963
-97.9199
-94.563
-94.2163
-93.031
-95.3406
-96.0315
-93.4412
-93.0493
-93.2935
-98.7488
-97.8479
-100.341
-99.7302
-102.588
-104.064
-100.258
-93.833
-96.084
-96.4587
-98.6292
-100.923
-103.627
-112.726
-116.036
-111.052
-101.361
-91.0852
-89.2749
-98.606
-97.5244
-104.805
-107.119
-105.985
-99.0881
-95.9094
-95.4688
-97.2009
-99.5471
-98.9612
-95.3577
-94.7192
-92.1021
-90.1501
-90.9595
-91.2769
-93.0225
-92.7844
-89.3933
-89.895
-89.1919
-90.2795
-88.6389
-87.3022
-86.5979
-86.3599
-88.6475
-88.0737
-88.0078
-86.2427
-87.2534
-88.9478
-88.3521
-95.9106
-92.7075
-93.9966
-91.5283
-92.6465
-91.4453
-90.7788
-89.2969
-88.5278
-89.353
-92.4707
-92.9932
-95.293
-97.7539
-96.9727
-95.1855
-96.6382
-97.627
-100.938
-101.379
-101.907
-99.397
-95.7861
-91.1108
-89.1504
-91.2427
-91.3281
-90.3516
-89.3823
-91.3306
-89.353
-91.4819
-92.3511
-98.8452
-94.1016
-105.588
-107.424
-107.571
-101.433
-97.0996
-92.9858
-82.4268
-83.8696
-83.0615
-79.9756
-85.1831
-85.6494
-75.3589
-73.8086
-82.3511
-89.3701
-89.6777
-84.9438
-87.4585
-88.7427
-93.0908
-97.7563
-106.233
-105.032
-103.42
-105.234
-91.8018
-86.9287
-86.4014
-79.6411
-74.2358
-70.2515
-71.333
-61.8018
-77.5464
-85.6543
-83.6523
-87.1948
-92.063
-114.863
-112.925
-99.1821
-91.5894
