-108.851
-117.263
-124.537
-129.989
-118.77
-120.46
-135.591
-146.565
-145.078
-128.089
-126.111
-126.48
-128.991
-120.708
-118.279
-127.613
-132.104
-133.763
-135.983
-123.681
-118.11
-109.706
-105.846
-105.797
-101.915
-101.19
-97.1622
-106.519
-110.605
-122.839
-134.893
-142.926
-143.53
-144.326
-146.112
-131.22
-123.376
-123.705
-126.372
-118.368
-110.092
-105.264
-106.296
-103.319
-107.318
-114.272
-111.132
-107.653
-102.017
-99.2438
-97.561
-96.7041
-97.724
-97.9138
-99.2725
-101.028
-96.5363
-93.8342
-96.377
-85.7849
-81.8567
-84.5007
-75.2423
-81.6888
-76.5363
-78.2635
-61.8457
-69.0466
-90.1184
-95.965
-78.1384
-79.6777
-74.6204
-76.9678
-77.2559
-78.5388
-86.6711
-91.4362
-91.2543
-83.7622
-87.8296
-94.7437
-105.314
-113.927
-112.358
-106.432
-105.011
-88.2147
-78.2404
-81.6479
-85.8392
-91.4246
-81.0455
-93.2373
-99.8572
-113.101
-118.144
-106.63
-107.299
-99.3457
-92.3083
-86.3916
-88.689
-92.8271
-108.119
-97.3242
-109.319
-115.671
-100.85
-100.765
-91.7053
-91.521
-87.7344
-82.9211
-77.3169
-79.2432
-75.6567
-78.623
-80.6982
-77.0923
-69.2468
-62.2949
-81.4954
-66.8616
-80.968
-88.9478
-91.77
-102.881
-105.704
-104.427
-109.409
-112.325
-116.824
-108.107
-102.183
-98.8196
-94.729
-95.0452
-92.6575
-85.0977
-90.2332
-90.0708
-95.6274
-84.7522
-91.6089
-80.3894
-79.7778
-77.738
-78.0713
-70.0891
-77.9297
-77.7295
-73.0579
-76.98
-81.8982
-96.1841
-99.53
-107.971
-89.7327
-93.6035
-95.8911
-79.4897
-76.853
-83.7439
-87.8687
-92.0801
-95.0916
-96.6443
-89.4434
-84.7876
-86.1462
-92.4121
-96.6052
-99.7034
-95.1074
-94.519
-81.0303
-83.1897
-72.9114
-77.7527
-70.592
-75.6592
-85.3625
-88.8599
-94.4153
-88.6487
-92.9944
-82.3999
-82.0605
-78.1824
-69.4727
-68.8867
-75.7495
-74.2395
-75.6421
-70.47
-62.0239
-62.8369
-68.1604
-69.9475
-71.0718
-63.2581
-71.8408
-72.6538
-81.6614
-72.9944
-79.9817
-68.894
-56.3098
-61.0193
-71.0339
-74.3506
-57.3706
-62.428
-56.3623
-66.2427
-58.5132
-65.7922
-67.8882
-60.5688
-61.5698
-62.8784
-67.5171
-79.5728
-74.2847
-78.4131
-78.2837
-75.874
-84.6875
-82.5537
-93.9136
-100.432
-90.0146
-87.9395
-87.8711
-83.8672
-87.8467
-89.9683
-94.624
-90.7837
-91.9312
-87.2729
-85.4688
-80.1367
-77.3169
-67.8369
-76.1401
-76.748
-65.6079
-69.4312
-81.7163
-87.124
-86.8433
-79.1455
-69.8828
-68.6377
-65.4663
-68.2227
-68.606
-82.2363
-71.5234
-78.8599
-78.2104
-80.4492
-65.8594
-62.4097
-63.5498
-67.5635
-63.7744
-68.0762
-76.2207
-76.2939
-87.6196
-91.0376
-85.9302
-82.9541
-74.2993
-66.9409
-64.6094
-63.8306
-70.2173
-63.8745
-71.1279
-72.4341
-78.4668
-77.8125
-80.8228
-90.0024
-93.4082
-99.8511
-90.52
-94.9902
-86.2451
-80.5566
-84.9341
-85.7642
-71.4844
