-98.3839
-84.264
-107.518
-109.494
-107.628
-111.912
-94.7421
-102.49
-105.255
-105.919
-100.757
-102.212
-98.4462
-95.88
-93.3286
-91.8759
-91.5263
-91.3213
-91.4931
-91.8896
-89.2868
-88.7688
-86.6158
-87.3241
-86.7815
-89.7203
-90.6168
-89.9146
-87.1338
-96.1771
-98.5849
-103.073
-96.8732
-95.062
-94.9817
-97.1921
-96.6861
-99.9316
-95.0217
-95.7404
-95.0357
-91.9937
-93.0136
-90.2054
-88.8593
-87.5003
-89.7849
-88.3868
-92.0834
-90.3925
-94.9887
-94.1113
-93.3142
-88.7497
-90.3821
-89.9567
-91.3892
-95.1404
-95.2728
-101.072
-99.5587
-97.2638
-95.2252
-93.0103
-91.8555
-92.2949
-97.0135
-96.8799
-94.408
-91.0419
-89.92
-89.2841
-89.7565
-90.6317
-93.6029
-94.3945
-91.6534
-90.6824
-91.9574
-89.2236
-88.9465
-88.5345
-92.2089
-93.9905
-98.6017
-102.397
-98.0273
-97.3584
-95.874
-89.0033
-92.2009
-90.5884
-85.1636
-87.6935
-92.6453
-92.8375
-89.5178
-87.2107
-81.2775
-80.4639
-78.6786
-80.2869
-79.7174
-83.3325
-78.396
-82.5903
-81.4911
-75.6415
-87.6508
-89.1956
-96.6144
-102.152
-93.7476
-102.6
-90.8545
-98.4192
-96.0999
-92.3059
-91.5601
-91.626
-87.6831
-78.0798
-80.3076
-85.4797
-88.9563
-93.1323
-91.1304
-90.9082
-89.2554
-90.8386
-95.3442
-93.4106
-91.1707
-90.4504
-89.0601
-87.7356
-88.6035
-89.574
-95.9607
-98.6206
-100.334
-103.258
-107.889
-115.399
-121.113
-116.677
-107.955
-99.6106
-99.6765
-96.2842
-92.7649
-87.1399
