-80.2934
-80.9613
-81.9357
-82.0446
-80.9331
-80.1552
-77.127
-79.8169
-79.4125
-82.7332
-82.6992
-89.528
-88.2867
-92.1978
-86.5049
-86.4965
-88.2442
-84.1879
-84.3436
-83.1789
-82.5577
-75.7587
-73.7083
-78.4521
-83.4129
-80.7288
-86.1951
-86.8182
-109.154
-88.6823
-100.583
-102.518
-103.995
-96.9958
-94.8538
-103.526
-102.129
-101.66
-92.8748
-97.4283
-93.8309
-95.4291
-94.6585
-98.0899
-93.3798
-97.9977
-101.207
-99.3356
-94.6777
-97.1771
-101.092
-95.2222
-92.164
-94.5288
-95.2133
-92.4826
-96.3129
-90.3021
-88.139
-88.728
-83.0322
-83.7518
-86.8219
-82.2021
-68.9307
-64.8987
-78.2684
-77.7264
-80.5682
-81.2146
-82.984
-82.6294
-85.0336
-96.8683
-104.88
-119.399
-123.477
-121.776
-120.844
-119.742
-113.164
-105.566
-106.052
-108.426
-114.818
-125.766
-121.558
-121.398
-123.102
-134.647
-131.912
-135.078
-144.143
-149.062
-119.177
-105.328
-103.751
-101.88
-101.093
-99.8059
-98.2172
-102.553
-98.7769
-101.473
-101.063
-99.0033
-100.825
-93.6975
-95.9546
-96.3611
-98.9246
-100.995
-97.6404
-95.8215
-91.9275
-95.0195
-95.6958
-96.9019
-98.3252
-96.1816
-93.7378
-95.033
-89.8364
-91.0974
-89.8291
-90.293
-95.791
-101.073
-111.569
-116.854
-121.003
-120.483
-113.435
-105.295
-101.124
-101.809
-102.078
-101.768
-100.968
-97.8821
-96.4124
-95.1904
-96.7041
-95.4797
-99.1577
-95.2527
-97.981
-94.0845
-92.6575
-91.189
-90.9216
-91.5564
-94.5557
-93.7329
-94.7192
-89.0527
-85.5835
-78.4167
-82.5586
-72.8027
-70.3943
-72.8796
-69.707
-68.2495
-65.5469
-63.0322
-59.7131
-68.3765
-63.0493
-66.6406
-65.1099
-60.7434
-71.2415
-68.9746
-72.7112
-65.177
-67.0935
-67.4292
-59.0552
-59.928
-66.0535
-69.9951
-67.5049
-69.5801
-71.6211
-79.2834
-78.5632
-86.6284
-91.9421
-82.8748
-82.4426
-73.6902
-83.2214
-66.9617
-79.4409
-73.3313
-84.4983
-85.8435
-79.4006
-80.0928
-86.0425
-83.313
-76.1462
-91.8079
-82.3425
-81.7322
-65.8447
-65.5078
-59.0259
-58.6731
-61.8225
-69.1455
-76.3525
-88.0933
-78.6353
-85.0415
-74.8181
-77.5
-70.4578
-65.155
-67.0874
-75.0354
-74.7009
-73.6975
-70.1917
-65.2747
-63.8599
-64.8804
-72.0337
-60.3418
-65.9302
-66.1816
-68.4229
-64.8755
-64.2017
-58.0664
-55.0195
-56.0742
-55.0781
-55.8667
-58.2446
-54.5435
-58.147
-54.021
-56.7065
-64.3384
-73.728
-71.9897
-82.3242
-69.5239
-72.6904
-65.3662
-70.8716
-66.9751
-70.1245
-66.5723
-75.3955
-73.4058
-72.8345
-86.9678
-91.9971
-99.4751
-98.2349
-104.851
-109.685
-114.832
-115.63
-130.439
-130.652
-124.885
-112.173
-110.535
-105.852
-103.306
-100.854
-98.1323
-96.4575
-95.1978
-97.2729
-98.0273
-102.19
-106.292
-108.149
-107.424
-106.86
-96.8945
-94.8608
-81.6724
-83.4985
-82.2021
-85.0659
-91.8726
-87.0435
-95.7007
-89.6899
-89.5605
-84.7974
-87.3486
-89.834
-95.5054
-92.1265
-92.1875
-99.4507
-119.163
-109.495
