-47.6503
-47.745
-45.5265
-45.4253
-49.2252
-45.8688
-48.6454
-45.3519
-41.4352
-41.7133
-43.3416
-39.8146
-49.5173
-40.5862
-45.162
-42.2973
-41.497
-44.2558
-44.1824
-49.5028
-45.5302
-52.6454
-43.2337
-48.4456
-43.9255
-48.1641
-41.3276
-44.6016
-43.5069
-51.8678
-57.226
-72.5754
-71.0106
-89.3488
-84.5683
-98.0405
-92.2725
-91.0542
-80.8086
-77.5931
-79.1776
-77.1201
-85.9669
-90.0928
-94.0187
-100.848
-97.742
-93.5434
-100.954
-90.0113
-89.7226
-88.3752
-81.8298
-78.8507
-73.0164
-69.3518
-70.0449
-77.7151
-75.589
-76.8842
-71.4313
-79.1211
-81.1304
-78.6502
-78.9453
-80.6409
-79.3613
-77.3895
-84.4339
-66.8027
-62.1899
-54.845
-54.8846
-61.5375
-69.664
-74.2285
-75.072
-79.1263
-77.1252
-82.8577
-77.8583
-78.6969
-72.7008
-68.3746
-69.0131
-67.0282
-70.2484
-70.6885
-79.5154
-78.7476
-82.6233
-77.8101
-77.4829
-78.2959
-76.4258
-91.3428
-85.896
-83.4222
-81.0077
-87.3083
-83.6035
-78.9246
-79.1156
-79.4781
-80.0873
-73.3893
-72.6807
-67.0746
-69.0643
-62.4335
-65.3137
-54.9243
-49.8688
-58.5229
-54.7229
-53.5699
-52.926
-48.1189
-46.3452
-39.7894
-40.9088
-40.7538
-39.2108
-42.4933
-44.7723
-43.4308
-45.5951
-50.0287
-42.4268
-49.9792
-49.3262
-53.1958
-64.278
-69.2828
-67.9968
-76.3635
-85.816
-77.5897
-77.7704
-81.2085
-74.2535
-72.7716
-71.9812
-68.3746
-72.7094
-63.9294
-59.1388
-50.2026
-63.551
-58.9069
-50.9106
-51.1963
-53.6029
-48.6566
-49.9109
-55.5511
-48.2166
-45.752
-44.0259
-47.4451
-52.8735
-51.5149
-56.571
-62.6685
-57.7942
-53.7781
-43.9148
-52.5208
-48.6853
-54.9561
-49.1748
