-69.5723
-80.4602
-89.6226
-92.2774
-91.2362
-92.0128
-89.5442
-93.9612
-93.2048
-80.0293
-85.6921
-77.9653
-87.2659
-89.3317
-90.3684
-91.1333
-93.355
-99.4703
-103.684
-105.826
-96.4433
-91.9975
-89.6386
-85.2546
-84.2621
-85.1599
-83.1193
-87.5662
-88.5473
-87.3652
-82.3991
-85.0391
-70.6477
-81.3914
-72.3587
-76.6326
-74.6887
-77.5686
-83.1306
-85.3246
-83.3053
-86.1068
-87.0164
-88.3451
-87.7555
-84.5171
-81.9701
-115.193
-76.86
-90.928
-79.9098
-72.8371
-78.4498
-85.9171
-83.291
-80.4749
-87.4808
-88.3788
-93.0908
-87.108
-89.1841
-87.9518
-95.1104
-89.3228
-87.8885
-89.6107
-94.6589
-78.3779
-84.6229
-80.9513
-76.555
-79.8084
-86.5774
-80.663
-77.7876
-74.3855
-81.2417
-77.2544
-84.728
-89.3833
-91.2158
-80.8249
-89.4792
-72.4512
-78.2872
-80.5445
-80.6807
-78.3713
-81.4951
-88.1434
-83.8558
-88.875
-91.27
-95.2632
-86.9538
-89.2727
-85.9262
-89.852
-89.6587
-91.6714
-99.6497
-98.6836
-94.221
-92.6045
-92.6543
-95.0756
-92.852
-92.5766
-97.5498
-94.5446
-93.1303
-95.0053
-92.1138
-100.11
-98.0192
-92.7437
-88.7058
-84.4562
-80.6998
-77.729
-82.0459
-81.123
-83.9604
-88.6128
-86.9582
-86.6668
-86.1936
-91.3322
-86.2002
-82.8443
-79.1939
-77.2837
-75.6995
-77.2741
-77.5738
-79.8611
-72.5317
-74.7994
-77.4244
-84.0388
-82.1719
-83.7202
-79.1198
-79.9498
-81.0937
-79.4209
-79.815
-90.3764
-97.2847
-88.2876
-82.7197
-89.4653
-92.4785
-96.7134
-95.3921
-98.8256
-102.211
-102.697
-101.347
-95.9238
-92.3774
-75.3545
-72.3794
-73.0766
-55.9087
-66.586
-73.1177
-69.772
-71.3232
-74.3276
-93.3106
-92.6616
-111.664
-101.203
-97.9834
-90.8935
-97.5484
-87.041
-86.5986
-81.5713
-77.9854
-73.3228
-75.025
-76.4825
-76.9
-78.274
-83.3335
-85.4077
-79.5689
-82.8443
-90.2929
-95.3935
-94.8852
-86.5372
-90.5581
-87.8584
-88.4956
-88.1382
-85.1616
-81.5699
-80.6777
-75.2872
-81.7646
-79.1953
-74.1724
-80.042
-85.5337
-85.4546
-89.1197
-86.0845
-79.8662
-77.5766
-82.3051
-76.815
-70.6025
-67.0283
-66.7412
-83.2177
-84.7193
-86.2588
-80.4874
-77.5386
-68.124
-79.6597
-84.0821
-92.8037
-89.225
-91.1323
-89.3189
-89.9224
-85.7872
-84.6988
-82.8354
-81.3941
-81.1612
-80.5796
-83.0126
-90.7456
-88.1
-89.2793
-86.7685
-92.685
-85.6406
-80.1622
-86.3862
-83.7275
-75.6533
-81.0102
-70.6582
-58.04
-61.355
-60.7354
-64.3169
-76.9424
-79.7725
-81.1435
-86.4214
-87.0469
-94.1309
-102.606
-90.6108
-79.853
-78.788
-81.274
-88.2202
-78.5083
-70.2319
-77.8945
-72.6254
-78.4878
-85.9292
-92.3071
-82.3931
-92.0551
-90.0352
-91.1396
-81.646
-81.1303
-78.8569
-77.836
-81.3794
-76.7168
-71.726
-68.877
-62.9693
-65.8228
-69.8892
-63.1376
-65.5488
-59.187
-58.6025
-59.4214
-63.9624
-71.877
-69.3427
-72.2695
-70.5234
