-72.4475
-88.3276
-83.1141
-83.3193
-87.5363
-93.1709
-94.3919
-94.7883
-93.1029
-93.4856
-91.6058
-93.2742
-93.4536
-92.7744
-94.1294
-99.9957
-104.071
-104.391
-104.567
-108.156
-110.504
-105.309
-103.961
-97.565
-91.6789
-91.4128
-95.9152
-95.9998
-98.7073
-100.306
-106.158
-104.51
-98.5974
-93.569
-93.3279
-89.7278
-89.9377
-90.9439
-92.2452
-93.3896
-91.9
-92.4496
-93.6075
-95.6689
-99.4394
-99.5428
-99.2682
-99.6454
-99.1623
-100.368
-97.93
-97.1487
-93.7662
-91.058
-91.507
-87.6471
-86.1127
-85.8282
-92.0288
-98.4906
-101.342
-106.631
-111.234
-105.523
-100.659
-92.5476
-94.8108
-93.4485
-90.8081
-89.5331
-89.5142
-88.5236
-91.3123
-89.5435
-89.5416
-87.2845
-86.1664
-85.5945
-84.7076
-88.7994
-88.0182
-90.7428
-91.5845
-91.5643
-92.8381
-89.9878
-91.8091
-95.7031
-93.2941
-95.1923
-91.6663
-99.4275
-102.322
-100.965
-98.2568
-93.1714
-83.5999
-86.7609
-85.741
-83.3459
-80.6952
-75.567
-78.9655
-69.5184
-82.1759
-75.4901
-81.9977
-84.0338
-82.7863
-87.7136
-92.4042
-96.9629
-92.0667
-84.0088
-80.4785
-71.9324
-67.3096
-91.2012
-92.8918
-122.593
-91.7151
-114.569
-93.7598
-98.4363
-89.3799
-98.3716
-104.683
-97.7148
-98.457
-102.554
-98.2642
-101.481
-81.0657
-93.1372
-85.1074
-87.3645
-87.9419
-90.1208
-90.4712
-87.9504
-96.1426
-113.635
-93.4705
-105.182
-103.243
-111.161
-104.427
-104.478
-115.404
-92.9126
-85.7837
-84.1772
-88.4998
-86.864
-83.3667
-84.967
-85.4248
-96.1023
-85.2649
-93.0957
-98.4082
-95.5017
-83.1055
-80.9448
-76.3818
-69.3115
-70.0354
-67.1008
-72.677
-70.3662
-70.1514
-60.752
-67.0886
-63.949
-60.4248
-64.7546
-70.4895
-89.4238
-89.9634
-93.9075
-90.7935
-91.1523
-93.6023
-96.7468
-101.526
-102.371
-113.145
-119.768
-123.926
-125.524
-120.386
-124.192
-111.221
-103.274
-97.5549
-93.3459
-83.5938
-82.0459
-92.5684
-90.5518
-89.0186
-86.3086
-88.9075
-82.9248
-84.6973
-89.8267
-87.4915
-81.4539
-77.3328
-74.1663
-77.7051
-74.1687
-74.6997
-76.7554
-81.6907
-77.4377
-73.9978
-83.3411
-91.2854
-91.6211
-86.1462
-85.863
-85.8313
-82.1973
-81.8665
-78.5205
-83.9795
-84.0723
-78.0396
-74.0601
-73.2153
-80.1807
-78.2788
-78.2129
-73.4546
-73.1567
-74.5703
-89.0698
-93.0127
-112.786
-114.895
-114.617
-131.218
-131.514
-126.521
-118.938
-121.238
-118.933
-104.768
-112.28
-105.498
-107.419
-110.417
-102.542
-100.645
-104.863
-102.385
-98.6353
-108.499
-125.281
-121.162
-104.009
-96.4868
-86.897
-87.3413
-88.9673
-89.9268
-83.999
-88.2153
-84.4678
-89.4995
-86.377
-87.3853
-80.5688
-85.4346
-73.4229
-88.6768
-85.0049
-86.9141
-87.9224
-88.2275
-95.9082
-94.1968
-112.39
-105.027
-104.636
-107.793
-117.993
-111.018
-121.184
-121.851
-120.195
-109.651
-109.836
-109.309
-100.867
-90.7764
