-88.3404
-93.344
-88.4489
-77.4348
-89.642
-99.955
-98.0785
-99.2615
-101.86
-105.747
-100.539
-96.308
-93.2834
-88.9069
-90.6385
-98.2064
-100.828
-102.026
-95.2765
-107.694
-105.37
-104.686
-103.95
-93.102
-83.0006
-105.392
-90.2671
-81.9947
-92.2048
-97.3607
-102.611
-99.9992
-109.465
-99.8039
-86.428
-82.396
-78.5087
-81.8558
-79.9966
-80.751
-88.4318
-85.6706
-84.9646
-86.3694
-96.6856
-90.6295
-94.7238
-101.924
-96.0421
-96.9631
-98.681
-102.242
-97.663
-88.4959
-93.2563
-85.392
-82.0927
-78.4442
-94.4762
-104.053
-104.277
-107.909
-113.761
-105.903
-103.114
-96.0718
-98.9978
-91.727
-91.8457
-90.5551
-93.0007
-110.009
-87.8042
-85.1989
-84.8972
-81.8071
-82.9826
-81.164
-91.7424
-84.0066
-87.1289
-85.2971
-88.2576
-90.7984
-95.836
-90.5596
-96.98
-100.14
-96.3398
-105.964
-101.874
-116.248
-116.387
-113.085
-103.219
-93.3941
-83.8228
-86.9839
-85.9637
-83.5686
-80.9179
-75.7903
-79.1887
-69.7412
-82.399
-75.7127
-82.221
-84.2563
-83.009
-87.9367
-92.6272
-97.185
-92.2888
-84.2315
-80.7005
-72.1553
-67.533
-73.3447
-83.502
-95.7986
-92.8484
-98.6975
-108.174
-118.854
-99.9851
-105.962
-104.906
-97.938
-98.68
-102.776
-98.4874
-101.703
-81.2886
-93.3604
-85.3301
-87.5874
-88.1646
-90.3427
-90.6929
-88.7813
-90.5815
-93.063
-91.525
-105.618
-100.648
-112.496
-107.168
-106.335
-91.4546
-91.103
-88.6348
-83.5708
-84.2374
-87.917
-86.9693
-89.9356
-96.1274
-88.9014
-84.8628
-83.5576
-86.5943
-89.0772
-84.9961
-81
-75.5947
-65.2984
-70.2583
-67.3242
-72.8994
-70.5894
-70.374
-60.9742
-67.311
-64.1719
-60.6475
-64.9775
-70.7124
-89.647
-92.9238
-98.4199
-93.9931
-94.0488
-102.17
-107.08
-119.467
-129.608
-118.513
-113.638
-110.95
-110.536
-113.704
-123.212
-120.676
-127.187
-106.796
-93.8262
-83.8169
-82.27
-92.792
-90.775
-89.2412
-86.5313
-89.1313
-83.1475
-84.9199
-90.0498
-87.7148
-81.6768
-77.5561
-74.3892
-77.9282
-74.3921
-74.9224
-76.9775
-81.9126
-77.6602
-74.2207
-83.5634
-91.5073
-91.8443
-86.3687
-86.086
-86.0537
-82.4195
-82.0898
-78.7427
-84.2022
-84.2945
-78.2622
-74.2837
-73.4384
-80.4038
-78.501
-78.4366
-73.6772
-73.3799
-74.7935
-89.2925
-94.3272
-99.8657
-107.602
-110.043
-119.999
-115.682
-119.709
-113.689
-119.853
-120.172
-114.338
-115.466
-105.696
-103.169
-105.589
-99.1465
-98.6602
-104.06
-104.397
-113.086
-121.558
-127.771
-118.827
-106.335
-98.2823
-119.833
-94.2539
-92.937
-90.1494
-84.2226
-88.4384
-84.6914
-89.7217
-86.5986
-87.6065
-80.792
-85.6582
-73.6465
-87.5039
-81.0908
-82.3183
-86.0596
-84.3516
-103.617
-100.008
-110.602
-104.974
-103.239
-101.115
-114.51
-115.406
-114.472
-111.577
-109.386
-97.2071
-101.851
-106.925
-116.332
-90.999
