-51.3886
-51.3873
-50.5443
-53.5717
-51.8755
-50.0352
-42.7318
-52.7311
-48.2671
-43.774
-45.9265
-41.7756
-42.5435
-48.0402
-42.2939
-56.4881
-49.3598
-43.3723
-50.3591
-45.8352
-46.9026
-56.7429
-55.5441
-56.4581
-59.4556
-60.7312
-54.4351
-52.9526
-51.1594
-51.3037
-50.7458
-46.8265
-42.2865
-44.581
-34.8598
-33.9021
-37.6756
-34.1309
-36.4345
-39.0707
-41.5308
-39.1621
-39.6434
-42.5349
-44.9817
-44.1878
-51.8571
-52.5198
-52.3412
-52.074
-52.8082
-50.5194
-46.5755
-44.2348
-46.7044
-43.7744
-41.3379
-37.7292
-34.8175
-31.8536
-32.9828
-30.1965
-30.9665
-30.0998
-30.7727
-35.1266
-38.4885
-40.7675
-43.5623
-46.1292
-40.2335
-43.1738
-46.6147
-46.7813
-51.9507
-50.0546
-52.6361
-51.8176
-51.0812
-51.1163
-47.9092
-51.6757
-45.484
-50.0308
-40.9961
-48.0798
-41.2009
-44.3668
-38.064
-39.1751
-40.4501
-45.2689
-42.1643
-44.4003
-50.4422
-42.3361
-42.9785
-39.7662
-40.7678
-42.7179
-41.6763
-41.6562
-41.5488
