-59.2267
-63.8404
-56.8202
-61.0188
-69.1109
-64.2479
-76.384
-65.9525
-66.7148
-64.4634
-55.2992
-53.5014
-57.3352
-57.4158
-67.3153
-57.6037
-67.1535
-60.7327
-69.7168
-67.2593
-65.9749
-60.2771
-68.1447
-60.3929
-73.7129
-70.7829
-72.3489
-78.6528
-92.1187
-100.609
-119.057
-122.221
-141.455
-132.034
-135.421
-123.546
-109.962
-106.674
-112.722
-109.872
-111.067
-105.024
-110.143
-106.179
-113.811
-111.596
-116.693
-127.46
-126.174
-116.402
-98.9972
-100.681
-90.6723
-85.1596
-75.0226
-61.9205
-60.3171
-62.2681
-61.1075
-69.9161
-86.0846
-94.6912
-105.555
-125.506
-170.985
-234.801
-229.056
-193.706
-193.123
-175.356
-153.536
-140.943
-132.219
-142.698
-143.608
-152.693
-159.429
-148.586
-138.598
-143.477
-136.757
-135.468
-137.145
-147.325
-148.292
-146.251
-163.403
-142.214
-153.066
-141.389
-142.982
-133.967
-130.638
-129.479
-121.859
-119.645
-120.842
-129.034
-132.332
-139.073
-141.97
-136.893
-134.797
-124.808
-121.81
-120.784
-119.941
-120.795
-117.694
-124.312
-121.949
-119.663
-123.813
-120.068
-118.47
-117.427
-129.789
-115.424
-116.581
-120.11
-127.504
-143.574
-150.524
-139.796
-133.032
-111.503
-117.593
-110.266
-113.009
-124.08
-106.941
-95.9436
-88.5901
-87.207
-83.9636
-82.2766
-73.3069
-82.3401
-74.6143
-73.5388
-61.8604
-60.7129
-63.3191
-63.5352
-69.2407
-65.177
-62.2705
-70.5249
-71.106
-68.5315
-71.9055
-68.9026
-63.2849
-67.8516
-69.3896
-69.8877
-72.9419
-74.4531
-69.978
-77.7356
-67.0642
-67.6672
-68.075
-69.2957
-70.1721
-74.989
-69.6521
-73.5669
-71.9775
-75.0098
-81.8823
-79.6997
-87.8357
-70.0146
-75.8557
-59.6582
-54.3018
-53.4192
-53.0518
-60.8801
-67.6929
-63.7451
-74.0417
-70.8386
-82.6746
-82.8149
-88.1946
-96.9324
-107.111
-106.797
-90.9729
-86.2622
-79.7876
-72.5403
-63.7866
-62.9602
-57.4084
-56.9446
-66.1499
-58.3374
-66.0022
-61.8481
-61.1768
-59.8425
-64.0613
-57.6733
-57.2192
-60.9607
-52.6233
-56.3464
-58.7109
-58.9832
-65.2271
-67.9639
-65.1221
-68.75
-64.3213
-59.5093
-58.6548
-57.6147
-55.2051
-58.9331
-58.2251
-58.0225
-54.0747
-56.3037
-49.0649
-56.9409
-57.251
-61.6431
-58.1323
-69.2603
-63.6182
-65.542
-66.3647
-69.0625
-68.1567
-71.4941
-73.1104
-64.3555
-59.2334
-64.978
-70.5444
-61.8335
-64.541
-63.4009
-71.2622
-71.731
-63.3643
-58.9404
-56.2866
-61.2378
-60.0537
-68.2837
-72.1973
-64.397
-64.6777
-56.5674
-62.8687
-68.0762
-65.8618
-66.1475
-66.001
-63.2275
-68.4814
-57.2314
-58.1592
-58.1152
-57.9443
-60.874
-55.1709
-63.9355
-56.6943
-57.2559
-55.918
-59.9512
-60.9204
-71.958
-64.4165
-70.3052
-74.8047
-65.73
-60.7593
-66.9434
-64.4824
-68.0762
-66.5991
-72.6196
-68.3276
-68.8257
-63.4619
-65.3442
-64.0063
-67.0239
-70.7544
-73.9478
-82.4927
-85.4492
-72.2314
-85.4419
-89.3408
-85.6128
-72.937
-64.7217
-58.9746
