-79.4202
-77.1988
-82.3477
-77.3952
-82.9589
-71.4635
-74.7254
-65.8764
-73.6858
-70.1165
-85.8338
-73.189
-95.3723
-84.0623
-91.9888
-66.1757
-68.5945
-74.6238
-68.8386
-65.0239
-74.7211
-81.3862
-81.2933
-70.9801
-69.508
-70.635
-75.5429
-69.2135
-58.7798
-70.0996
-65.5337
-55.0871
-66.493
-53.6357
-63.4241
-59.1954
-71.3356
-75.2587
-80.3044
-70.5264
-72.126
-78.1469
-66.5846
-84.7771
-83.7323
-91.5619
-89.1826
-85.4843
-81.6877
-100.165
-92.6737
-91.0063
-91.5282
-91.9844
-93.1538
-91.0078
-93.2963
-101.383
-101.377
-95.2024
-92.3266
-96.5321
-85.5344
-84.3127
-80.0208
-81.5339
-82.404
-85.9303
-82.9328
-83.2309
-88.2858
-93.8737
-89.7037
-89.7492
-88.567
-93.1846
-93.397
-97.5982
-91.3711
-86.3892
-89.1197
-88.073
-92.431
-96.5039
-103.949
-108.59
-113.257
-97.4736
-90.041
-92.9714
-93.2563
-91.1668
-93.367
-94.0027
-97.0591
-93.7441
-90.1494
-81.906
-82.4656
-82.0342
-82.3909
-89.4874
-92.0874
-91.7176
-99.3172
-99.835
-99.2615
-100.132
-98.7898
-90.0396
-94.445
-92.4244
-91.6267
-94.53
-103.271
-106.406
-106.996
-106.224
-119.12
-118.131
-116.54
-100.081
-92.7898
-84.8057
-87.8855
-92.0126
-96.1692
-102.732
-108.729
-105.102
-103.655
-106.315
-100.43
-91.708
-83.6902
-86.5898
-92.9963
-97.0049
-111.828
-101.813
-89.1108
-88.0181
-92.209
-93.0718
-94.8179
-84.7295
-83.6016
-90.3325
-93.9331
-90.5024
-85.5923
-87.4541
-84.4468
-81.6679
-81.605
-91.3579
-103.841
-93.8071
-97.9409
-92.9238
-96.4892
-104.597
-113.952
-128.872
-134.086
-131.033
-135.764
-135.233
-121.264
-106.499
-98.0683
-100.623
-105.645
-97.3199
-83.8067
-79.5512
-88.6216
-85.9321
-84.8452
-89.0772
-91.7798
-98.0683
-101.197
-104.279
-104.398
-120.968
-101.523
-87.0586
-84.3618
-81.646
-87.0937
-92.1124
-92.2837
-96.0748
-96.4146
-93.7266
-94.2026
-88.7315
-81.7309
-84.9008
-84.8012
-85.7578
-86.0376
-96.5126
-95.9429
-108.507
-102.354
-112.913
-102.984
-106.415
-97.7504
-87.5699
-85.6289
-83.105
-78.9815
-80.2207
-82.2144
-93.6958
-91.6685
-92.4449
-92.4404
-97.4971
-100.777
-96.1831
-91.2319
-80.1636
-84.5142
-83.0464
-85.3272
-83.3819
-85.9087
-85.374
-89.978
-88.7388
-93.3002
-91.1016
-90.0323
-87.5947
-90.0293
-87.9536
-84.1187
-90.5024
-95.4317
-95.1826
-101.785
-101.496
-107.994
-96.6035
-102.369
-96.4526
-92.6059
-83.1533
-90.5258
-85.1573
-86.4112
-76.415
-88.2202
-83.4038
-82.8809
-73.6655
-77.9809
-67.5748
-67.9644
-68.7437
-69.6724
-70.834
-67.9014
-69.4116
-86.2823
-89.373
-89.9384
-90.7193
-85.1221
-84.2402
-85.0108
-86.1504
-80.5811
-74.9443
-67.1689
-82.5674
-68.3672
-78.1846
-67.8047
-57.0118
-62.1622
-72.211
-75.8232
-73.1807
-81.123
-85.9805
-85.3624
-85.5967
-84.0118
-83.9561
-85.1924
-86.9648
-82.664
