-84.6235
-95.6863
-103.084
-93.7052
-87.3162
-73.982
-79.1628
-81.4114
-80.4874
-82.2932
-94.9546
-82.6338
-94.3932
-95.5704
-98.9156
-89.1568
-84.5972
-86.4853
-91.2138
-85.0756
-84.1282
-75.7736
-79.5238
-84.2507
-79.149
-77.3054
-71.0323
-73.5064
-76.0856
-77.7197
-77.43
-76.0776
-74.9005
-74.2883
-67.9484
-67.6338
-69.815
-69.0527
-62.4851
-70.7347
-76.8475
-73.2385
-79.5898
-80.3482
-79.4118
-79.6699
-82.5004
-85.7717
-82.7604
-82.0352
-76.8556
-76.1122
-71.1263
-73.0807
-67.6996
-72.1999
-80.1281
-88.5466
-95.4858
-90.4644
-90.0571
-90.6456
-95.0189
-85.2137
-81.9342
-82.9332
-93.386
-90.5478
-79.8281
-77.9008
-80.142
-83.4287
-88.047
-90.2879
-93.1315
-93.0439
-93.3391
-98.9188
-99.9631
-96.2651
-92.0522
-87.4914
-84.6731
-80.8286
-86.4551
-87.6622
-88.0247
-84.4196
-81.4768
-80.9429
-83.0164
-82.8691
-86.2273
-85.6846
-85.3081
-87.7602
-86.3614
-93.3311
-91.1279
-88.7761
-85.0093
-81.1897
-70.1198
-70.4612
-71.3906
-78.2454
-80.9538
-71.8117
-71.6982
-67.4568
-68.9018
-81.542
-76.7827
-123.277
-89.5511
-88.4582
-95.8763
-98.6982
-95.885
-101.448
-106.893
-113.279
-112.252
-122.473
-129.463
-132.074
-127.494
-123.317
-132.31
-132.564
-142.288
-125.089
-122.65
-117.779
-116.342
-132.955
-111.517
-110.615
-99.561
-105.709
-102.101
-101.772
-93.914
-86.688
-97.3228
-98.2823
-100.503
-96.9244
-97.9439
-87.3838
-88.8164
-93.6445
-97.1998
-100.726
-109.308
-110.295
-105.505
-100.765
-94.3843
-90.2315
-95.395
-95.1313
-99.7559
-92.0626
-99.0118
-98.726
-96.5874
-89.1973
-111.529
-94.5278
-86.3012
-88.4238
-92.4155
-88.1
-93.8848
-88.3799
-86.3057
-90.1319
-90.7544
-88.0708
-91.6274
-86.209
-96.0586
-94.7402
-95.6075
-92.836
-91.2085
-91.1587
-97.2817
-98.0083
-112.989
-96.561
-102.737
-100.481
-92.0874
-84.7778
-85.7929
-86.5063
-91.9834
-89.5825
-90.6431
-93.3662
-99.1303
-93.977
-99.1392
-93.3354
-102.239
-118.033
-123.63
-109.392
-121.597
-124.687
-121.037
-116.761
-108.624
-101.717
-96.227
-98.8916
-99.958
-90.4951
-85.2041
-87.6475
-89.25
-94.3183
-94.8413
-99.0689
-102.047
-107.148
-100.787
-97.2949
-91.336
-90.0352
-100.406
-98.1152
-93.3179
-95.1211
-97.7798
-96.3223
-97.1602
-102.255
-105.136
-99.085
-97.875
-82.5425
-83.9384
-88.3886
-87.1904
-82.7036
-82.2114
-75.0454
-84.4864
-79.774
-83.8388
-75.1597
-78.895
-73.0122
-68.8008
-59.7305
-68.2325
-71.8535
-94.0063
-115.948
-136.021
-136.073
-143.288
-152.708
-148.75
-133.034
-121.345
-118.479
-116.086
-114.668
-107.681
-113.288
-106.286
-105.038
-96.0878
-99.375
-93.6592
-102.688
-105.955
-106.523
-114.378
-121.864
-114.56
-107.915
-101.962
-103.773
-107.871
-99.9287
-98.792
-93.3575
-88.4531
-89.8183
-88.6055
-89.209
-95.9268
-91.6142
-95.959
-98.4082
-92.1768
-90.583
-92.1856
-92.6045
-106.928
