-84.4007
-95.4636
-102.861
-93.4825
-87.0934
-73.7592
-78.94
-81.1885
-80.2645
-82.0705
-94.7318
-82.4109
-94.1705
-95.3475
-98.6929
-88.9339
-84.3745
-86.2625
-90.9911
-84.8529
-83.9053
-75.5507
-79.301
-84.0279
-78.9262
-77.0827
-70.8095
-73.2835
-75.8629
-77.4968
-77.2072
-75.8548
-74.6777
-74.0656
-67.7255
-67.4109
-69.592
-68.8297
-62.262
-70.5118
-76.6248
-73.0157
-79.3668
-80.1254
-79.1888
-79.4473
-82.2775
-85.549
-82.5378
-81.8124
-76.6327
-75.8896
-70.9033
-72.858
-67.4765
-71.9772
-80.6342
-91.254
-96.0123
-95.5447
-97.3138
-95.3922
-104.276
-95.1385
-94.3927
-91.485
-91.5833
-87.9285
-89.5306
-89.7406
-90.9253
-93.139
-91.3269
-91.0992
-94.2285
-94.6692
-100.059
-105.148
-102.247
-99.5026
-99.2444
-93.5474
-92.1429
-91.2598
-93.2196
-93.3228
-93.8989
-89.5959
-91.0394
-86.6663
-89.3329
-80.2954
-89.7424
-81.8707
-86.615
-89.4653
-91.629
-101.59
-93.8666
-93.335
-85.0946
-80.9668
-69.8969
-70.238
-71.1682
-78.0225
-80.7306
-71.5894
-71.4758
-67.2339
-68.6786
-81.3196
-76.5594
-86.756
-97.594
-89.4641
-98.8513
-102.772
-103.763
-109.471
-111.196
-117.516
-113.674
-118.488
-114.734
-113.105
-107.12
-104.832
-102.284
-103.224
-108.51
-109.078
-111.727
-109.482
-106.84
-105.524
-100.45
-98.6902
-93.1921
-97.9541
-96.7981
-95.249
-90.3552
-88.6377
-93.0908
-96.7297
-102.494
-96.676
-94.74
-90.929
-91.3672
-93.0676
-95.7507
-105.884
-115.641
-118.586
-125.146
-121.398
-108.319
-98.7842
-101.211
-99.1284
-103.441
-101.636
-104.041
-103.934
-100.085
-95.5298
-91.5625
-92.5305
-94.5117
-94.9268
-94.8047
-93.0835
-95.6909
-90.2612
-92.7563
-97.1045
-94.1626
-91.5747
-92.4854
-92.1582
-94.8767
-94.9072
-97.3254
-93.4924
-94.5898
-95.6201
-95.8289
-94.8328
-94.5093
-94.8523
-95.9351
-95.3333
-92.915
-90.8972
-89.9084
-90.2307
-90.4736
-91.5356
-92.2095
-93.678
-95.7495
-94.4373
-96.7993
-94.5239
-101.812
-106.383
-113.965
-115.037
-121.194
-121.418
-119.888
-117.07
-110.007
-101.909
-98.9172
-99.6631
-100.923
-98.9758
-98.0908
-99.6094
-99.0845
-102.285
-97.8418
-98.3789
-95.7349
-97.3535
-94.353
-95.7031
-92.5195
-95.2856
-97.439
-96.4185
-92.7612
-92.7148
-93.3081
-94.5752
-96.3965
-98.8794
-99.895
-95.0513
-94.3018
-88.6401
-88.4155
-92.4219
-91.4258
-89.6143
-87.6001
-86.0107
-89.9316
-87.2974
-89.7925
-85.3345
-86.4062
-84.4775
-84.6729
-82.7832
-84.6533
-83.2715
-90.7764
-104.124
-122.708
-132.615
-143.918
-151.309
-140.181
-123.528
-110.779
-107.41
-107.612
-113.206
-104.968
-106.445
-100.574
-98.6084
-92.9883
-93.269
-91.626
-95.3418
-97.8027
-100.447
-104.216
-110.505
-103.196
-103.284
-103.391
-105.073
-111.895
-115.491
-110.444
-103.599
-96.9165
-96.5649
-93.3154
-93.0322
-95.7617
-95.083
-100.684
-101.572
-91.9556
-90.3613
-91.9629
-92.3828
-106.704
