-118.662
-128.208
-144.078
-152.648
-156.178
-145.92
-128.263
-132.199
-113.161
-108.434
-94.2509
-92.4062
-92.8298
-103.021
-112.017
-118.616
-139.001
-148.072
-139.153
-114.766
-106.801
-101.06
-97.834
-87.875
-82.2854
-78.7333
-71.0906
-65.8754
-77.6404
-80.4247
-94.4297
-90.1578
-84.7888
-82.4843
-94.6922
-82.633
-93.1703
-96.5676
-106.328
-106.331
-95.892
-87.3157
-86.0412
-79.815
-75.0164
-78.4764
-73.3322
-75.6895
-73.9764
-79.8625
-83.1954
-98.5913
-94.0159
-91.6003
-76.092
-82.8948
-65.4808
-69.382
-79.7845
-99.7939
-109.511
-119.946
-136.49
-154.946
-144.562
-149.772
-137.108
-144.512
-149.875
-127.58
-112.568
-110.703
-100.916
-105.376
-109.425
-108.969
-92.4478
-95.4426
-113.443
-116.238
-114.607
-122.755
-126.922
-116.976
-110.309
-107.387
-105.246
-117.174
-132.397
-146.08
-160.248
-189.409
-162.774
-147.847
-124.471
-120.87
-113.612
-111.826
-117.86
-109.491
-103.558
-90.7691
-99.3757
-117.377
-131.116
-143.327
-157.468
-157.937
-155.566
-135.594
-138.035
-168.499
-134.84
-126.482
-142.82
-171.944
-215.533
-195.247
-155.908
-144.535
-145.489
-128.066
-141.784
-216.006
-148.883
-131.861
-119.271
-109.311
-121.538
-104.205
-110.445
-109.134
-103.519
-104.001
-101.213
-100.532
-91.6758
-90.038
-100.825
-112.033
-123.133
-120.127
-126.553
-110.148
-115.05
-108.514
-105.126
-100.931
-96.1494
-103.465
-102.583
-107.418
-104.977
-106.518
-105.656
-110.845
-124.034
-145.759
-143.46
-132.752
-114.21
-116.295
-116.04
-118.283
-120.029
-132.83
-127.991
-129.245
-132.569
-135.776
-141.505
-146.262
-141.258
-117.56
-108.62
-108.687
-106.257
-96.9624
-99.4512
-99.085
-107.528
-132.089
-139.333
-148.844
-140.014
-130.727
-124.458
-123.863
-123.718
-126.718
-158.96
-142.535
-144.427
-149.476
-155.522
-159.69
-145.826
-138.695
-134.483
-145.508
-152.263
-147.223
-162.869
-143.064
-132.527
-105.62
-106
-98.2236
-109.356
-110.739
-128.59
-121.049
-112.682
-109.521
-106.752
-112.169
-114.097
-113.027
-114.642
-108.319
-111.677
-113.01
-119.309
-126.726
-132.832
-131.83
-129.868
-172.445
-138.041
-156.876
-162.463
-172.14
-197.394
-171.404
-148.518
-138.205
-170.206
-130.04
-127.348
-114.425
-120.659
-121.886
-110.159
-103.966
-92.915
-93.9522
-87.0703
-92.8594
-76.8868
-72.29
-62.127
-67.7813
-76.0459
-68.5225
-79.3711
-99.7148
-105.173
-121.67
-131.672
-177.328
-172.6
-186.38
-185.122
-147.659
-121.254
-136.734
-130.23
-128.027
-107.218
-99.3779
-99.7207
-92.5049
-92.5459
-83.8154
-82.8809
-84.7588
-68.789
-75.7852
-77.373
-83.54
-81.9815
-97.5908
-99.3868
-106.702
-98.6162
-109.696
-144.41
-152.122
-144.266
-122.95
-107.121
-103.23
-109.664
-147.106
-110.329
-100.682
-92.1181
