-107.061
-122.152
-137.066
-148.38
-154.445
-140.414
-122.575
-109.729
-99.1843
-93.5641
-87.6799
-87.108
-91.2299
-98.1166
-109.328
-113.943
-131.564
-135.263
-132.948
-114.643
-108.548
-102.486
-97.6112
-87.6523
-82.0627
-78.5104
-70.8679
-65.6528
-77.4173
-80.2017
-94.2068
-89.935
-84.566
-82.2617
-94.4696
-82.41
-92.9477
-96.3446
-106.105
-106.108
-95.6693
-87.0929
-85.8185
-79.592
-74.7937
-78.2535
-73.1094
-75.4669
-73.7537
-79.6396
-82.9727
-98.3685
-93.793
-91.3776
-75.8691
-82.6721
-65.2576
-69.1589
-83.4192
-98.6072
-118.828
-134.714
-144.866
-168.856
-157.85
-149.345
-141.373
-135.144
-117.036
-101.887
-101.635
-100.694
-96.9739
-98.4827
-100.256
-99.6173
-98.0133
-99.6863
-111.982
-120.337
-122.119
-119.409
-119.459
-116.788
-113.254
-108.258
-107.083
-117.794
-129.926
-140.844
-147.114
-159.561
-144.313
-137.839
-122.831
-118.646
-113.12
-111.573
-108.041
-104.9
-99.1113
-97.146
-104.517
-119.513
-128.154
-140.295
-149.958
-144.316
-132.382
-123.358
-120.695
-121.31
-126.866
-133.434
-135.433
-150.881
-191.7
-184.895
-176.945
-167.163
-174.52
-153.02
-136.394
-133.251
-134.207
-128.926
-118.998
-107.914
-101.383
-97.9333
-98.7842
-97.7283
-95.647
-98.6609
-95.2014
-96.0022
-95.6763
-105.948
-119.792
-139.027
-152.26
-154.388
-155.668
-139.213
-123.071
-109.127
-105.283
-101.32
-97.5732
-102.473
-107.573
-111.182
-107.952
-111.674
-111.65
-111.659
-111.569
-123.195
-122.639
-119.214
-112.535
-112.9
-110.856
-111.641
-110.17
-117.155
-110.673
-112.654
-124.79
-138.17
-153.176
-158.151
-167.915
-148.649
-129.332
-116.693
-108.539
-98.8208
-95.5933
-98.1995
-104.214
-120.049
-126.821
-127.783
-121.594
-114.902
-109.387
-114.761
-116.743
-118.979
-126.88
-132.263
-136.494
-135.161
-134.778
-130.012
-120.442
-119.441
-118.726
-132.417
-137.769
-138.687
-149.641
-132.864
-121.14
-106.919
-102.71
-100.024
-109.041
-106.169
-111.255
-109.175
-108.892
-105.896
-105.959
-110.071
-116.108
-115.166
-118.65
-113.516
-118.564
-118.997
-121.914
-122.507
-126.04
-128.621
-126.394
-127.363
-137.095
-162.7
-184.778
-176.26
-187.937
-164.79
-142.681
-121.108
-116.558
-113.386
-118.333
-116.375
-115.981
-118.65
-108.691
-103.293
-92.6904
-93.7305
-86.8481
-92.6367
-76.665
-72.0679
-61.9043
-67.5586
-75.8228
-68.3008
-79.1479
-97.2632
-110.256
-129.409
-150.637
-185.078
-199.395
-191.067
-160.403
-134.775
-117.749
-113.445
-111.196
-104.875
-99.1968
-97.7563
-97.5415
-92.146
-92.9712
-91.8359
-88.7964
-88.4521
-85.3857
-85.4443
-85.2734
-88.3838
-87.417
-94.2212
-95.8643
-113.193
-122.805
-133.55
-160.53
-170.645
-153.074
-133.501
-127.146
-110.305
-102.024
-100.122
-101.47
-96.1572
-91.3306
