-90.0658
-89.677
-88.3085
-87.9536
-77.4313
-68.0035
-69.2922
-66.4529
-66.9282
-67.9299
-61.2077
-67.3722
-70.6432
-68.1319
-73.4647
-64.798
-72.7316
-62.1176
-66.6412
-67.3863
-70.947
-71.4813
-72.4377
-62.7571
-73.9023
-56.8948
-59.5393
-60.7431
-68.4277
-78.7138
-83.3385
-78.5597
-84.7386
-73.3414
-71.0519
-61.768
-66.6553
-70.9421
-59.097
-60.3433
-52.0148
-56.4255
-64.4119
-93.6697
-107.828
-124.356
-132.05
-154.773
-149.669
-127.985
-111.194
-111.167
-106.107
-105.24
-103.523
-101.043
-100.479
-100.59
-101.815
-107.361
-109.631
-108.011
-108.221
-105.447
-103.822
-106.069
-103.572
-113.637
-105.344
-105.297
-99.8444
-100.556
-101.535
-98.4619
-100.762
-100.491
-103.536
-101.317
-105.234
-101.301
-103.63
-101.821
-102.517
-106.567
-107.278
-112.555
-117.556
-118.14
-118.658
-113.275
-107.845
-106.796
-105.405
-111.343
-119.893
-126.419
-128.884
-128.099
-126.303
-112.51
-105.165
-102.172
-105.868
-111.455
-122.618
-126.6
-127.266
-123.285
-115.825
-106.346
-99.502
-101.321
-103.691
-105.095
-106.475
-112.722
-121.512
-129.106
-115.632
-124.877
-140.555
-141.829
-135.889
-147.688
-147.455
-134.089
-126.249
-127.36
-116.232
-110.186
-108.055
-107.113
-111.49
-116.028
-120.62
-120.43
-114.901
-120.858
-116.461
-115.039
-112.772
-115.372
-115.645
-114.279
-110.225
-105.867
-104.226
-107.466
-115.129
-117.247
-116.583
-110.53
-111.155
-98.4216
-98.4827
-97.3108
-95.8386
-95.1038
-100.088
-104.513
-109.308
-114.32
-125.022
-134.481
-142.089
-136.389
-121.815
-109.637
-110.345
-118.518
-121.407
-123.906
-116.307
-109.963
-101.973
-98.1323
-95.7861
-96.8799
-97.3206
-96.7041
-100.751
-101.775
-103.878
-104.29
-103.87
-109.752
-112.769
-118.176
-116.559
-117.028
-120.685
-121.903
-112.828
-114.008
-111.764
-117.22
-113.397
-118.971
-113.269
-109.531
-102.041
-89.3506
-84.4189
-83.4448
-67.561
-68.4082
-67.7637
-64.9316
-72.2583
-68.6792
-62.9175
-60.3711
-64.3433
-66.272
-67.1021
-63.9136
-71.8726
-62.0312
-69.2554
-67.8857
-73.0103
-70.8594
-71.3232
-87.8369
-81.1865
-85.3882
-78.7695
-80.061
-70.2075
-63.8428
-65.3882
-65.8228
-66.9653
-59.3921
-58.4644
-52.0142
-58.0664
-61.1499
-65.3003
-73.5376
-74.2212
-65.8057
-72.9907
-63.02
-65.9058
-64.8999
-76.875
-72.8687
-77.5586
-68.8159
-67.3096
-69.2798
-71.4087
-63.7793
-72.1997
-87.1973
-82.0239
-78.5425
-124.634
-88.2153
-73.4375
-81.8726
-80.1025
-79.4922
-78.5645
-81.2793
-73.0103
-64.4531
-71.4526
-67.9199
-72.0435
-60.4297
-51.3501
-60.1953
-54.8413
-67.2144
-56.9751
-60.8911
-60.8838
-65.9497
-64.9683
-71.0571
-67.5049
-62.2754
-67.0703
-57.2583
-55.8301
-75.5322
-66.3892
-65
-57.0898
-65.9204
-59.1406
-57.4829
-61.2329
-55.4736
-61.8262
