-66.3625
-63.5449
-69.2694
-74.6766
-77.4789
-65.1111
-65.0407
-65.7117
-65.2524
-60.0421
-58.5797
-59.1078
-63.4782
-63.5188
-68.7167
-70.893
-70.7124
-75.5602
-67.5314
-63.0251
-65.1161
-69.593
-66.5448
-72.4876
-76.5958
-79.7621
-77.0627
-72.3479
-66.0992
-58.0739
-68.4868
-64.8434
-79.5808
-82.3195
-71.3087
-74.6516
-74.7296
-72.3853
-70.5829
-71.102
-68.7204
-63.6066
-60.0146
-58.3105
-53.4119
-55.8261
-66.6742
-68.2703
-62.1973
-64.7861
-67.7185
-61.4435
-63.8196
-62.9071
-66.5164
-75.9283
-74.8044
-71.9431
-71.8256
-63.5678
-62.2321
-63.1958
-58.4018
-69.8236
-56.228
-58.9798
-54.0866
-59.9307
-55.8557
-73.2141
-73.6371
-74.4144
-66.7154
-74.5148
-67.5671
-57.8439
-55.668
-61.8854
-75.7581
-77.5177
-77.5256
-80.8313
-89.7876
-90.5658
-83.009
-76.0358
-77.2784
-67.2229
-71.1951
-73.9154
-88.6725
-94.5612
-98.9258
-104.706
-105.007
-103.745
-102.106
-103.402
-105.04
-103.656
-102.642
-105.405
-89.4855
-85.8893
-89.325
-93.2965
-86.3477
-84.0533
-77.1576
-80.8929
-76.7261
-76.3159
-72.9126
-81.1017
-65.5383
-65.4761
-68.3478
-64.9731
-77.8235
-90.4352
-100.368
-118.979
-132.156
-150.467
-152.409
-155.056
-137.573
-127.535
-124.88
-125.035
-122.442
-114.651
-106.278
-98.6584
-95.8203
-97.865
-99.9377
-117.067
-132.985
-151.414
-151.144
-175.485
-167.529
-156.581
-134.758
-135.627
-139.686
-123.126
-121.206
-110.756
-106.343
-103.231
-104.768
-103.744
-106.967
-107.096
-107.446
-115.911
-123.541
-132.511
-139.473
-133.4
-127.954
-114.794
-111.251
-107.054
-103.23
-109.486
-106.51
-109.65
-119.187
-131.998
-136.036
-150.094
-156.146
-157.396
-138.444
-130.533
-121.544
-117.405
-112.306
-109.454
-108.763
-115.323
-116.639
-124.856
-120.785
-121.122
-119.569
-118.671
-112.289
-110.768
-105.038
-102.151
-93.9795
-100.173
-100.754
-102.119
-96.8909
-94.0515
-95.437
-88.3191
-79.8877
-73.8879
-74.397
-79.9683
-83.0444
-78.2886
-79.4348
-73.7927
-81.0962
-85.9302
-91.6968
-90.6836
-90.2808
-82.9297
-81.3354
-87.4414
-93.1494
-90.7874
-84.8779
-79.7058
-72.4841
-86.6357
-91.8262
-86.5063
-80.979
-78.9429
-73.3398
-79.0479
-79.7729
-79.2896
-75.8936
-64.8999
-61.6748
-55.5664
-53.833
-57.8101
-63.5034
-64.0259
-63.6646
-67.8931
-61.6064
-57.0239
-62.063
-57.1851
-67.2778
-63.8379
-58.9258
-64.2432
-68.1641
-69.1333
-69.7852
-66.0522
-78.6963
-71.626
-73.2568
-69.6802
-70.4272
-74.585
-70.7104
-62.2217
-62.0581
-64.5044
-58.6304
-62.4048
-64.9438
-67.1606
-63.6548
-64.3115
-61.2061
-56.6968
-52.1484
-58.6963
-59.2358
-57.7441
-68.5034
-75.2173
-82.6147
-66.3818
-72.854
-79.6777
-75.0659
-79.1992
-75.3638
-75.7178
-71.3452
-67.2632
-64.8584
-83.2788
-91.8188
-84.2603
-85.9058
-77.0337
-70.6738
-69.6777
-66.3062
