-110.125
-122.088
-136.723
-125.873
-115.37
-127.893
-128.843
-157.638
-208.85
-262.177
-221.185
-214.841
-170.83
-131.336
-104.163
-91.1652
-98.8815
-106.969
-111.612
-125.337
-125.883
-146.387
-120.856
-131.5
-139.402
-139.645
-126.735
-108.484
-112.87
-115.672
-104.652
-96.7935
-107.96
-109.986
-105.82
-103.427
-114.007
-104.773
-105.399
-97.7142
-94.754
-91.7816
-97.6099
-95.0641
-94.5886
-93.8489
-92.4402
-95.4657
-95.9729
-94.3744
-100.516
-103.433
-107.567
-107.455
-103.977
-104.681
-106.066
-118.962
-136.115
-149.203
-166.562
-169.38
-183.283
-165.375
-138.129
-112.89
-108.707
-97.8607
-94.7455
-94.9127
-97.5122
-99.906
-92.403
-82.8979
-84.201
-86.1377
-88.4912
-94.2975
-90.7739
-84.3073
-96.2781
-89.6429
-92.7386
-92.8381
-94.9896
-99.14
-99.6844
-99.9207
-100.175
-101.462
-101.499
-96.7993
-84.5447
-80.7593
-85.0952
-89.5386
-85.0842
-85.5701
-76.3477
-79.4971
-77.3181
-84.3115
-90.3271
-87.3767
-86.9299
-82.2937
-78.6047
-79.0173
-81.6443
-80.4236
-84.2554
-89.8914
-90.0769
-91.6858
-89.3054
-86.6516
-84.1187
-79.5447
-82.6672
-89.812
-95.8252
-95.2551
-88.6646
-81.6333
-80.7874
-79.95
-80.8667
-78.175
-76.665
-74.2029
-72.9028
-73.9355
-79.5056
-88.5999
-80.5493
-86.676
-86.9238
-76.5308
-79.4116
-87.8088
-95.7166
-84.104
-85.5701
-81.5015
-82.7173
-78.1165
-81.9897
-87.8271
-172.644
-101.857
-103.333
-1051.46
