-114.633
-120.251
-123.304
-123.629
-115.47
-107.204
-101.953
-100.162
-105.498
-107.534
-108.445
-108.863
-108.728
-113.919
-123.87
-125.916
-198.072
-145.408
-124.019
-116.972
-121.607
-114.573
-120.853
-94.7716
-84.0578
-83.5864
-78.3893
-78.5849
-81.2406
-83.7144
-95.8033
-113.374
-113.243
-120.995
-123.409
-122.377
-123.046
-125.665
-125.292
-122.542
-123.425
-119.261
-128.724
-131.599
-121.842
-122.046
-125.684
-118.405
-114.768
-132.786
-146.648
-165.46
-141.257
-121.841
-115.787
-119.361
-131.918
-129.914
-134.422
-130.873
-125.366
-136
-130.307
-131.568
-122.219
-110.371
-115.505
-109.061
-107.985
-118.802
-121.144
-146.785
-159.035
-164.418
-133.786
-123.811
-110.091
-106.074
-95.2434
-89.8411
-85.8875
-84.304
-87.5881
-91.9028
-99.1055
-88.0408
-92.4324
-84.4064
-79.6912
-79.9562
-73.7608
-76.0386
-78.041
-90.947
-89.633
-83.2082
-78.7361
-84.5266
-82.226
-78.4687
-85.4026
-72.4182
-72.6394
-80.8264
-81.2945
-85.6538
-88.4026
-95.146
-97.448
-104.342
-100.416
-89.9488
-82.4898
-76.8472
-86.959
-89.6352
-93.5581
-98.0683
-98.7319
-97.9614
-92.7305
-94.7798
-93.227
-94.6758
-89.4976
-85.8764
-84.7222
-72.7441
-83.3189
-83.4756
-79.8296
-76.9644
-74.2486
-74.3803
-84.3764
-76.2451
-74.4551
-67.087
-74.4404
-75.479
-72.4585
-75.6533
-81.8086
-89.7158
-95.064
-97.7374
-103.037
-72.5992
-78.123
-76.645
-72.375
-78.4892
-68.6777
-69.9331
-60.958
-64.3667
-57.1421
-65.3482
-68.9488
-69.2549
-62.0918
-69.227
-68.9707
-72.145
-76.3447
-70.0664
-72.6358
-71.8256
-76.7813
-71.9018
-74.3467
-75.3618
-73.9702
-81.3691
-77.414
-77.7832
-73.8896
-76.7226
-71.0171
-75.3559
-65.8638
-69.9668
-65.5532
-61.415
-60.6328
-62.9224
-68.5195
-72.7031
-73.4033
-70.0723
-71.0992
-63.0454
-62.4506
-59.5781
-59.7364
-59.8799
-60.6313
-67.9073
-65.2412
-73.188
-65.2354
-66.5933
-65.0654
-65.1548
-65.4595
-62.0713
-67.5542
-63.9433
-73.8882
-79.79
-72.1303
-80.6132
-74.2104
-77.2325
-69.4951
-70.9966
-78.9858
-88.8545
-76.2569
-76.2466
-73.5967
-71.9033
-68.2207
-65.6968
-67.9219
-75.2608
-69.958
-68.0903
-73.4795
-70.7402
-72.5801
-79.0576
-79.998
-82.3403
-94.2949
-87.583
-92.2148
-88.4736
-99.7354
-91.5527
-105.664
-110.588
-141.384
-127.759
-130.798
-126.772
-132.204
-138.456
-125.62
-119.005
-124.651
-121.613
-113.309
-102.36
-99.7295
-101.442
-95.6104
-101.01
-97.0078
-92.748
-90.4292
-91.6567
-94.8618
-97.7153
-104.886
-110.08
-112.523
-111.249
-100.69
-105.899
-98.1006
-112.436
-113.839
-121.309
-118.269
-129.15
-139.482
-123.346
-117.987
-110.294
-116.555
-108.516
-114.34
-114.586
-119.449
-116.789
-117.132
-110.921
-117.923
-114.894
-121.13
-106.043
-114.354
-121.874
-127.723
-128.968
-109.594
