-59.4497
-64.0632
-57.0431
-61.2416
-69.3338
-64.4707
-76.6069
-66.1753
-66.9377
-64.6862
-55.5222
-53.7244
-57.5581
-57.6386
-67.5382
-57.8267
-67.3764
-60.9556
-69.9396
-67.4821
-66.1979
-60.5
-68.3675
-60.6158
-73.9357
-71.0057
-72.5717
-81.0457
-96.0557
-103.175
-112.826
-107.297
-126.602
-127.582
-137.162
-133.51
-116.944
-111.634
-117.489
-115.207
-117.56
-111.671
-120.9
-112.182
-122.248
-113.435
-123.127
-138.997
-137.614
-129.821
-117.318
-111.574
-90.895
-85.382
-75.2454
-62.1434
-60.5398
-62.491
-61.3304
-70.1393
-89.7532
-100.347
-117.615
-125.093
-159.194
-213.238
-189.583
-161.929
-170.909
-143.388
-123.512
-121.949
-125.507
-130.602
-128.51
-125.845
-119.47
-116.858
-111.398
-109.919
-106.71
-115.811
-125.126
-139.747
-132.066
-125.152
-141.101
-125.988
-140.278
-136.867
-147.679
-142.243
-135.839
-128.885
-116.085
-115.032
-115.32
-124.532
-126.952
-154.362
-150.874
-151.469
-138.782
-113.351
-107.304
-109.743
-112.864
-119.739
-115.772
-123.197
-118.947
-122.593
-117.823
-124.102
-114.174
-113.833
-124.262
-126.418
-125.728
-121.426
-115.463
-126.082
-133.106
-126.157
-120.37
-112.578
-116.465
-126.9
-137.978
-137.05
-107.164
-96.167
-88.8134
-87.4292
-84.186
-82.5
-73.5293
-82.563
-74.8374
-73.7608
-62.083
-60.9346
-63.542
-63.7573
-69.4628
-65.4008
-62.4947
-70.7476
-71.3291
-68.7539
-72.1289
-69.126
-63.5083
-68.0742
-69.6124
-70.1104
-73.1646
-74.6748
-70.2012
-77.959
-67.2862
-67.8896
-68.2984
-69.5185
-70.3945
-75.2124
-69.8746
-73.7886
-72.1992
-75.2329
-82.1045
-79.9219
-88.0591
-70.2378
-76.0796
-59.8813
-54.5244
-53.6425
-53.275
-61.103
-67.916
-63.9683
-74.2646
-71.0626
-99.8116
-115.947
-86.8476
-92.5972
-94.2539
-88.7402
-77.833
-74.7964
-77.0888
-72.7632
-64.0093
-63.1831
-57.6313
-57.167
-66.3736
-58.56
-66.2242
-62.0713
-61.399
-60.0659
-64.2847
-57.8965
-57.4424
-61.1836
-52.8457
-56.5693
-58.9336
-59.2061
-65.4492
-68.1856
-65.3452
-68.9722
-64.5439
-59.7319
-58.8794
-57.8364
-55.4282
-59.1577
-58.4473
-58.2466
-54.2974
-56.5268
-49.289
-57.164
-57.4746
-61.8648
-58.355
-69.4819
-63.8408
-65.7642
-66.5874
-69.2842
-68.3803
-71.7158
-73.3315
-64.5791
-59.4565
-65.2016
-70.7681
-62.0567
-64.7636
-63.624
-71.4858
-71.9546
-63.586
-59.1636
-56.5093
-61.462
-60.2768
-68.5078
-72.4204
-64.6201
-64.9014
-56.7905
-63.0923
-68.2984
-66.085
-66.3691
-66.2226
-63.4498
-68.7026
-57.4541
-58.3813
-58.3388
-58.1675
-61.0957
-55.3945
-64.1573
-56.9165
-57.479
-56.1401
-60.1728
-61.1441
-72.1801
-64.6392
-70.5278
-75.0264
-65.9531
-60.9829
-67.1675
-64.7051
-68.2969
-66.8232
-72.8437
-68.5488
-69.0469
-63.6856
-65.5693
-64.2275
-67.248
-70.9775
-74.1709
-82.7138
-85.6699
-72.4541
-85.664
-89.5634
-85.837
-73.1602
-64.9453
-59.1973
