-107.448
-132.318
-137.239
-142.239
-128.254
-114.947
-111.666
-101.332
-93.7282
-81.162
-73.4025
-70.941
-68.0026
-79.281
-73.2727
-73.0206
-71.8082
-72.0869
-73.9568
-67.6831
-68.3244
-70.1692
-71.5027
-79.4534
-87.2636
-82.8375
-87.0959
-90.4552
-94.7125
-98.2455
-98.2645
-100.18
-101.825
-104.398
-90.8566
-95.769
-94.0131
-82.7249
-74.8425
-77.0834
-65.5496
-59.2789
-65.2008
-63.7674
-66.8237
-64.3329
-71.9507
-80.0644
-71.0825
-80.5606
-81.4703
-72.2672
-67.2833
-72.807
-75.9915
-74.3002
-76.5314
-68.7454
-65.8524
-57.9385
-59.4446
-62.2525
-63.1677
-65.2563
-69.2725
-69.1449
-71.3849
-95.7654
-117.916
-138.782
-154.617
-159.69
-162.247
-146.354
-147.211
-138.942
-128.988
-124.979
-121.097
-131.339
-150.649
-167.776
-175.203
-178.027
-165.57
-138.65
-121.536
-110.076
-110.66
-123.591
-124.882
-131.465
-125.971
-134.423
-127.853
-134.438
-122.309
-120.858
-126.238
-119.417
-115.873
-117.667
-118.983
-124.396
-125.355
-137.854
-160.421
-191.454
-227.018
-246.595
-229.17
-195.458
-180.254
-149.364
-124.951
-108.829
-107.274
-106.547
-108.552
-111.024
-106.575
-109.072
-101.902
-99.2065
-97.6025
-101.001
-101.476
-101.161
-99.2322
-100.259
-101.544
-99.2419
-101.875
-111.761
-114.537
-119.062
-121.256
-114.83
-118.12
-114.865
-118.527
-119.226
-123.553
-114.121
-112.451
-106.838
-108.225
-107.485
-115.552
-100.3
-88.634
-96.1523
-94.1431
-89.2334
-87.395
-83.9258
-82.887
-81.687
-77.7649
-70.4468
-67.5012
-64.6338
-64.209
-63.6584
-61.5405
-61.3562
-68.1482
-68.0359
-58.689
-60.26
-59.5251
-54.5203
-60.9204
-52.0569
-56.2122
-56.1255
-70.1807
-70.4224
-70.6323
-80.5176
-74.7253
-75.7935
-58.6292
-66.2085
-64.8511
-68.3972
-70.0415
-61.2781
-66.5088
-58.8794
-66.3232
-62.146
-63.7134
-60.3369
-64.4177
-61.239
-61.7749
-61.4661
-72.4597
-70.7166
-63.7683
-59.7388
-72.7051
-81.1548
-83.9856
-80.0183
-70.8972
-66.8213
-73.8013
-69.7986
-73.0908
-65.2832
-66.7603
-70.0464
-59.7607
-65.752
-62.7344
-63.6768
-57.3706
-63.5522
-56.5869
-58.1714
-58.1714
-59.1138
-64.0552
-56.2842
-61.3647
-67.1338
-70.3784
-66.1426
-62.6538
-71.2524
-63.9355
-69.3335
-61.8945
-106.016
-89.1748
-88.6865
-91.1792
-113.433
-117.566
-112.224
-106.411
-84.6118
-81.8726
-77.998
-69.7412
-69.0405
-68.0371
-70.2686
-76.7554
-86.7139
-81.2158
-66.4673
-78.4717
-77.7271
-72.6831
-76.7627
-79.1455
-76.8408
-80.6885
-75.5591
-74.8608
-74.1089
-82.002
-77.0679
-73.4277
-73.8037
-67.9346
-66.8408
-77.4927
-94.9219
-98.9453
-106.536
-110.977
-110.72
-92.583
-92.0703
-85.1465
-82.0239
-76.106
-70.603
-70.9888
-64.9097
-61.0791
-62.8784
-64.7827
-62.3853
-64.7705
-67.2485
-65.4956
-61.106
-72.0312
-63.6353
-77.7344
-69.9707
-63.1714
-74.9438
-63.645
-62.8027
-59.6094
-61.416
-65.0024
-60.21
-53.7842
