-104.025
-133.33
-123.427
-132.806
-135.191
-123.934
-110.01
-92.8477
-86.2831
-81.3222
-73.6253
-71.1638
-68.2255
-79.5038
-73.4956
-73.2433
-72.031
-72.3098
-66.4742
-71.9621
-66.9151
-73.3364
-70.8176
-71.17
-91.281
-104.841
-85.3183
-91.0519
-99.8018
-93.8575
-88.1728
-86.2504
-91.5786
-95.8224
-91.8937
-89.9102
-83.2862
-79.993
-75.0655
-77.3064
-65.7726
-59.502
-65.4236
-63.9902
-67.0466
-64.5557
-72.1736
-80.2873
-71.3053
-80.7835
-81.6932
-72.49
-67.5062
-73.0298
-76.2144
-74.5229
-76.7542
-68.9686
-66.0755
-58.1612
-59.6675
-62.4756
-63.3907
-65.4788
-69.4951
-69.368
-71.6075
-104.322
-120.918
-139.591
-150.782
-164.815
-170.627
-155.042
-157.934
-148.685
-135.05
-137.256
-132.874
-138.364
-136.616
-138.739
-145.973
-161.762
-169.342
-140.448
-127.546
-125.762
-123.821
-130.016
-125.474
-143.557
-146.563
-154.627
-139.104
-148.675
-135.158
-139.598
-139.291
-135.676
-128.275
-124.469
-123.851
-123.87
-127.178
-140.417
-161.226
-183.689
-205.289
-221.584
-203.416
-152.627
-155.152
-147.865
-115.457
-107.388
-109.562
-112.428
-107.722
-117.907
-120.181
-122.777
-110.336
-107.511
-101.581
-101.54
-107.348
-109.765
-113.149
-112.925
-112.626
-103.488
-108.243
-121.71
-127.612
-122.915
-119.063
-116.124
-109.605
-114.693
-114.397
-121.302
-125.431
-145.499
-149.807
-140.454
-111.498
-107.709
-115.775
-100.523
-88.8575
-96.375
-94.3652
-89.4565
-87.6181
-84.148
-83.1094
-81.9097
-77.9868
-70.6699
-67.7242
-64.8559
-64.4326
-63.8819
-61.7636
-61.5791
-68.3716
-68.2588
-58.9116
-60.4834
-59.748
-54.7441
-61.1441
-52.2803
-56.4346
-56.3482
-70.4033
-70.645
-70.8545
-80.7392
-74.9488
-76.0166
-58.8516
-66.4321
-65.0742
-68.6206
-70.2642
-61.5
-66.7309
-59.102
-66.5464
-62.3687
-63.936
-60.5596
-64.6406
-61.462
-61.998
-61.689
-72.6826
-70.9394
-63.9917
-59.962
-72.9287
-81.3764
-84.2095
-80.2412
-71.1211
-67.0445
-74.023
-70.021
-73.314
-65.5063
-66.9844
-70.27
-59.9825
-65.9736
-62.9575
-63.898
-57.5933
-63.775
-56.8096
-58.3931
-58.396
-59.3378
-64.2788
-56.5078
-61.5878
-67.3565
-70.601
-66.3662
-62.8784
-71.4756
-64.1587
-69.5551
-62.1181
-79.563
-93.7778
-101.474
-100.25
-117.439
-120.058
-118.657
-102.498
-85.6142
-82.0957
-78.2212
-69.9653
-69.2622
-68.2602
-70.4898
-76.9775
-86.9356
-81.4394
-66.69
-78.6958
-77.9502
-72.9067
-76.9864
-79.3681
-77.0626
-80.9106
-75.7807
-75.085
-74.3321
-82.2246
-77.291
-73.6524
-74.0244
-68.1592
-67.0634
-77.7158
-95.1445
-99.1699
-106.758
-111.199
-110.941
-92.8067
-92.2939
-85.3681
-82.248
-76.3272
-70.8281
-71.212
-65.1328
-61.3008
-63.0996
-65.0069
-62.6104
-64.9922
-67.4707
-65.7187
-61.3272
-72.2549
-63.8584
-77.9561
-70.1924
-63.3925
-75.167
-63.8701
-63.0264
-59.8301
-61.6376
-65.2266
-60.4336
-54.0088
