-66.0535
-68.8365
-72.1976
-69.2251
-64.9872
-67.6173
-58.3702
-66.2225
-66.8791
-75.5647
-81.6546
-81.821
-90.0055
-79.0749
-83.7796
-71.6563
-64.3135
-62.3177
-55.1257
-63.7581
-56.5894
-61.8021
-65.9438
-56.3841
-69.9623
-65.8159
-73.244
-76.7368
-87.2131
-88.5153
-93.2477
-97.4101
-102.926
-108.728
-112.883
-107.653
-102.443
-96.9415
-101.961
-96.4664
-95.7535
-95.3949
-94.0677
-96.4337
-96.9385
-94.3951
-94.7086
-93.1915
-93.4088
-95.8325
-97.4371
-96.7871
-100.038
-88.1128
-95.0565
-99.0878
-99.6075
-93.5806
-84.9927
-87.6666
-94.4998
-100.811
-108.651
-113.538
-119.633
-112.481
-104.248
-94.5422
-93.9264
-96.3483
-106.512
-114.444
-118.755
-116.368
-121.362
-120.273
-114.382
-104.038
-99.2712
-96.5442
-100.433
-113.14
-114.542
-110.856
-107.369
-102.902
-96.8878
-95.7092
-94.8608
-98.7488
-107.111
-116.855
-125.673
-120.791
-108.481
-108.478
-108.698
-111.848
-118.132
-130.521
-122.516
-118.633
-117.162
-111.331
-104.742
-99.8676
-99.7955
-100.679
-101.506
-107.584
-110.027
-110.295
-106.191
-110.074
-112.363
-121.909
-122.225
-118.252
-110.596
-110.848
-108.257
-104.25
-109.036
-112.181
-120.192
-122.117
-113.982
-111.879
-103.837
-97.5232
-94.8413
-96.283
-95.2979
-107.708
-106.233
-105.861
-104.644
-101.674
-98.4753
-95.4004
-101.206
-105.84
-112.111
-116.986
-113.726
-117.114
-113.345
-112.573
-108.644
-107.401
-100.741
-95.6189
-89.9915
-93.5535
-95.3906
-89.2419
-86.9043
-91.7517
-93.8391
-89.4519
-80.2466
-81.2036
-85.3979
-95.4309
-102.178
-98.7891
-103.859
-97.6929
-87.6208
-82.7563
-86.1841
-89.7644
-96.2158
-102.332
-94.2444
-102.05
-113.662
-84.2358
-90.1465
-85.8374
-82.2668
-75.3491
-77.1985
-73.6938
-84.6448
-94.9622
-102.009
-114.684
-106.897
-95.2661
-88.4851
-83.0579
-79.4214
-81.2695
-69.2126
-61.7542
-63.4033
-66.3428
-58.6243
-64.5691
-68.6523
-69.1785
-73.4338
-84.7864
-71.8933
-72.2742
-64.0076
-62.3376
-71.1169
-59.6753
-63.0444
-54.0369
-53.8416
-62.2717
-63.6975
-64.7632
-65.4529
-66.4307
-59.3774
-58.407
-51.1304
-56.084
-53.7744
-60.481
-64.3213
-63.2812
-72.8442
-60.0854
-69.7217
-67.561
-74.3896
-66.936
-72.8857
-62.1606
-61.9287
-55.769
-57.5024
-58.1982
-72.8809
-70.6177
-75.9375
-72.8101
-75.7812
-65.2515
-79.353
-70.8374
-71.6895
-64.8486
-64.3408
-66.5918
-63.0762
-58.1812
-56.9556
-56.0864
-58.5449
-54.3213
-56.4819
-56.2817
-54.5605
-60.2173
-63.418
-70.0293
-66.7725
-72.4292
-74.48
-69.5898
-56.5283
-59.8071
-68.7451
-67.2046
-62.7173
-70.9058
-79.4141
-71.4429
-70.8496
-70.5298
-67.0581
-61.4697
-66.5552
-64.8999
-60.8838
-57.1191
-53.623
-59.021
-60.9375
-65.7104
-75.0513
-78.7769
-88.0176
-83.5596
-81.333
-91.9287
-75.3198
-86.7554
-82.1973
-77.8467
-62.2266
