-29.3564
-30.7712
-23.5796
-26.0324
-24.2875
-24.6595
-33.2202
-30.6711
-27.1774
-28.3815
-27.3195
-25.2966
-30.7466
-24.1639
-20.8388
-29.9688
-28.7632
-31.8761
-36.3139
-33.3422
-36.1533
-32.9105
-32.6579
-36.7149
-29.8061
-24.0504
-25.173
-24.4652
-22.5001
-31.9441
-25.0219
-25.178
-22.4863
-26.6727
-22.8508
-27.5919
-29.6406
-27.6534
-22.1568
-26.9397
-20.7996
-28.2082
-36.086
-27.4918
-22.6665
-24.8533
-26.5728
-26.1954
-23.5179
-21.2619
-27.3032
-29.5677
-23.1584
-28.3432
-30.7594
-25.8261
-25.744
-26.8607
-27.2411
-27.1994
-33.9201
-31.7398
-32.6073
-34.4707
-32.6723
-35.2089
-41.6499
-46.8263
-45.7893
-50.1083
-51.349
-52.0888
-56.133
-58.9644
-56.3953
-59.3111
-62.2289
-58.53
-54.8897
-59.7499
-51.6229
-50.8347
-50.5237
-54.245
-51.1111
-48.8626
-51.1349
-53.678
-55.1929
-57.7667
-55.9088
-56.8289
-60.7608
-63.8684
-66.0153
-63.9059
-59.4025
-65.7584
-62.3624
-59.9979
-61.9403
-72.1143
-61.673
-59.1595
-62.3969
-58.9795
-56.8622
-56.936
-56.3654
-61.3974
-63.6819
-63.3331
-60.2432
-63.5599
-59.6341
-60.7245
-55.3629
-58.2733
-45.5362
-47.417
-44.9042
-43.5312
-46.5146
-44.6695
-43.5846
-44.9304
-45.4315
-43.3777
-43.7482
-43.7933
-44.8102
-46.889
-48.3783
-50.0305
-52.4335
-53.4338
-51.9965
-48.0524
-46.875
-45.5389
-44.1199
-41.933
-41.2305
-27.8967
-32.5183
-33.8342
-29.4336
-34.892
-34.0009
-25.0714
-22.641
-23.2623
-19.444
-26.7371
-19.1443
-20.3137
-19.0607
-21.4087
-21.853
-27.8394
-25.4517
-24.4031
-27.0563
-29.3811
-23.6926
-27.1356
-29.8816
-27.0148
-18.186
-23.7695
-28.8934
-24.7205
-26.2585
-21.1676
-24.5154
-19.6204
-21.8866
-24.5325
-24.0936
-31.6064
-19.0686
-19.5398
-17.97
-19.2267
-21.6614
-28.1128
-23.4332
-34.2102
-25.1892
-24.5099
-25.177
-29.173
-25.473
-36.5399
-19.8346
-23.158
-23.6829
-25.4083
-19.4763
-22.4103
-24.3457
-23.548
-29.2731
-27.2382
-23.9734
-20.6439
-31.2048
-26.1273
-24.4818
-26.5735
-23.7915
