-53.631
-58.9916
-56.439
-52.5407
-52.988
-55.1812
-52.8186
-59.3087
-52.982
-61.7067
-57.3218
-51.9884
-54.4805
-49.0422
-52.4847
-59.5049
-59.1659
-59.6296
-52.2367
-54.42
-54.2448
-56.1567
-67.5069
-65.3745
-72.0226
-64.0306
-67.9283
-52.4901
-57.141
-51.1926
-54.7218
-51.4778
-54.6167
-54.6928
-61.6109
-75.334
-76.7796
-80.8615
-81.5887
-85.4651
-87.243
-87.458
-80.947
-78.6438
-73.4436
-74.7427
-69.0558
-61.6678
-59.4934
-69.7211
-72.6151
-79.6317
-82.6468
-99.827
-79.2175
-70.0327
-68.139
-68.6523
-72.1054
-66.7838
-69.8016
-69.0765
-76.9006
-80.6754
-81.2552
-72.5391
-85.0977
-87.9422
-84.2615
-85.1733
-89.3298
-97.8467
-90.4559
-91.0345
-90.2069
-90.5554
-76.2158
-78.6847
-76.8976
-66.3849
-67.2522
-69.3903
-69.8425
-75.1099
-84.7449
-86.192
-85.0348
-87.1362
-86.4166
-80.2551
-88.9581
-79.9274
-83.0328
-80.9204
-80.9802
-90.9747
-87.627
-95.6348
-87.0123
-100.743
-94.8535
-93.0328
-86.554
-76.7828
-79.8267
-71.5814
-64.2236
-65.567
-63.2684
-65.3973
-63.5895
-67.1442
-63.9276
-68.2983
-75.9418
-69.1992
-73.4937
-67.7698
-68.4607
-70.9766
-66.9104
-72.1094
-64.4849
-69.588
-69.5593
-70.3302
-60.8948
-53.3313
-67.8754
-66.3782
-57.2449
-48.0603
-47.0215
-42.0538
-40.3259
-41.9067
-40.4663
-39.798
-51.3251
-63.1958
-59.8145
-48.8617
-61.0706
-44.8749
-49.1577
-53.783
-64.4739
-69.2365
-72.7399
-79.8425
-82.1619
-81.4124
-72.0837
-71.0339
-72.7795
-77.0288
-71.0376
-75.3748
-71.814
-73.6194
-68.1104
-63.2935
-61.156
-54.3152
-50.73
-51.9409
-53.468
-51.8958
-56.9373
-54.4922
-60.3015
-56.8372
-52.5867
-62.0923
-52.1448
-59.3579
-62.9138
-60.5481
-62.1826
-58.6023
-53.313
-56.4417
-53.1763
-59.2761
-51.9568
