-100.002
-101.309
-91.3642
-91.292
-85.7809
-75.2128
-85.0937
-79.7542
-77.9776
-82.0028
-76.3308
-82.0733
-82.0544
-87.435
-84.1874
-87.5854
-85.9384
-87.2712
-87.2326
-85.8523
-87.1692
-90.432
-87.6722
-82.0441
-77.6186
-72.1033
-86.3081
-79.97
-89.3458
-88.6738
-80.6006
-85.289
-89.837
-94.8979
-93.8707
-95.1365
-109.38
-99.9924
-98.4788
-105.814
-93.3336
-100.35
-93.8876
-96.7038
-91.3294
-84.6504
-80.2852
-82.8886
-81.015
-81.8708
-83.0021
-86.6569
-90.413
-88.7666
-83.1247
-81.8298
-81.5988
-82.6886
-83.8774
-86.0017
-88.1246
-87.3875
-85.7381
-85.545
-86.7905
-83.8406
-82.009
-80.6664
-81.4212
-89.4298
-87.3384
-91.3008
-88.5696
-92.0105
-89.4631
-94.7922
-87.2644
-87.0857
-88.6736
-87.5032
-75.1296
-71.9026
-80.806
-83.1013
-86.212
-65.7414
-76.8904
-75.8123
-81.8833
-67.4956
-74.2222
-70.5659
-68.3474
-63.8123
-63.6834
-69.1553
-65.7664
-67.1009
-78.2095
-64.5784
-85.8882
-75.5815
-82.6069
-92.8183
-105.818
-113.328
-109.185
-109.813
-99.6167
-99.2702
-94.0429
-97.645
-107.312
-102.6
-102.75
-100.751
-100.654
-97.251
-96.4871
-107.017
-97.9826
-96.7684
-91.8706
-86.1761
-84.0044
-79.9614
-83.4719
-92.1401
-95.9854
-90.8906
-93.7325
-93.5544
-100.318
-90.8812
-94.4875
-87.4892
-86.4374
-85.9314
-86.0969
-83.4046
-78.3172
-81.4775
-83.0303
-83.8169
-79.0078
-82.3169
-87.4775
-100.33
-89.0347
-96.9551
-103.726
-97.5967
-93.4614
-96.274
-101.385
-93.9419
-93.5654
-98.6587
-95.0288
-98.729
-95.9868
-85.8911
-76.7344
-93.775
-87.5494
-96.709
-105.135
-123.796
-131.03
-123.047
-143.635
-134.597
-115.173
-119.476
-109.91
-130.843
-124.128
-124.038
-126.781
-133.844
-140.302
-134.468
-120.412
-102.605
-96.9185
-96.7823
-96.4966
-90.1303
-85.5894
-84.8437
-84.9301
-84.3164
-85.1924
-88.292
-89.1856
-93.1626
-95.6338
-93.9317
-94.5191
-89.1299
-94.0898
-100.378
-105.365
-96.6343
-92.3687
-89.9839
-91.8545
-100.998
-113.848
-119.503
-111.65
-98.3833
-96.2974
-101.149
-101.984
-98.0317
-99.2183
-102.913
-111.729
-109.576
-119.751
-126.974
-147.556
-119.629
-110.764
-105.183
-101.287
-106.308
-102.403
-112.233
-100.169
-85.5161
-89.8037
-85.1719
-82.7226
-78.9976
-79.1
-67.8706
-73.7695
-79.2202
-75.7823
-78.5024
-80.3189
-74.8051
-73.7798
-86.2061
-78.9053
-87.4439
-71.5972
-69.725
-77.4492
-75.274
-79.7636
-95.8652
-95.54
-99.0718
-102.1
-95.1752
-85.4122
-87.7002
-88.9805
-84.6958
-90.5992
-86.6411
-86.0405
-91.7504
-95.4712
-97.5118
-103.705
-98.212
-103.154
-108.152
-111.158
-105.187
-88.875
-98.2734
-91.3096
-86.9179
-87.0439
-87.3662
-81.583
-90.0586
-87.2754
-83.4024
-86.1094
-83.6602
-80.5781
-86.3965
-74.4931
-72.9053
-80.7041
-82.4238
-86.8272
-89.0244
-98.7392
-104.262
-104.874
