-62.3372
-71.6331
-69.1756
-71.965
-76.2613
-80.8873
-84.5027
-81.8036
-79.0388
-80.4907
-81.85
-90.6053
-92.5205
-101.92
-100.131
-96.5576
-83.8007
-84.7673
-83.8577
-85.2139
-84.0654
-77.0172
-83.3315
-83.9442
-86.5102
-82.6166
-81.6896
-78.891
-90.0523
-78.4935
-86.0464
-75.0702
-73.5141
-72.561
-76.7896
-75.2817
-74.9332
-76.2112
-74.4849
-84.2267
-93.761
-92.4744
-99.5038
-114.839
-127.022
-154.41
-171.49
-208.083
-159.292
-143.456
-126.231
-107.833
-115.069
-107.643
-110.579
-97.4933
-93.4082
-81.4252
-88.4229
-84.6484
-85.6879
-79.8029
-77.2534
-85.2441
-82.7722
-101.127
-142.733
-186.046
-229.067
-270.504
-251.657
-226.414
-175.107
-157.123
-141.125
-140.186
-138.539
-131.24
-136.866
-139.948
-135.768
-129.46
-124.099
-122.699
-113.345
-113.932
-122.839
-133.737
-141.567
-143.367
-137.416
-122.735
-127.346
-139.569
-159.578
-144.487
-137.792
-125.054
-124.412
-119.856
-111.39
-122.765
-131.392
-160.381
-133.822
-110.037
-109.133
-98.1238
-98.8245
-97.5671
-91.0327
-90.4077
-87.3645
-77.6001
-82.6306
-82.1387
-78.5181
-79.4275
-92.1375
-77.2925
-95.0696
-87.9004
-82.4451
-74.7595
-71.7065
-67.3169
-70.7141
-78.2397
-75.5017
-76.886
-75.9253
-76.6943
-73.1934
-71.936
-67.1448
-70.4395
-70.4846
-70.2771
-75.8069
-86.7908
-85.116
-79.7888
-79.7961
-80.9167
-84.2383
-83.0457
-87.9761
-83.4692
-78.772
-66.6724
-73.2812
-68.8098
