-85.6245
-89.8405
-94.2533
-104.067
-102.463
-95.3107
-97.3495
-90.4208
-92.1958
-87.4217
-80.5766
-81.46
-78.0771
-77.9867
-74.833
-74.0425
-83.3455
-84.6866
-91.9037
-90.1382
-89.174
-77.5858
-80.652
-74.29
-74.0395
-76.1546
-90.7426
-92.3206
-97.0512
-90.504
-86.7609
-84.9835
-72.1167
-84.7473
-78.7247
-79.5584
-95.5472
-99.6436
-98.1012
-87.0355
-78.5419
-75.0064
-69.2703
-76.9879
-75.5621
-82.6038
-89.5508
-89.0524
-91.5836
-91.7386
-94.7769
-86.4301
-93.0988
-111.341
-99.9191
-96.6922
-99.0866
-99.548
-100.033
-96.1194
-91.5314
-88.938
-85.4413
-90.7074
-86.8878
-94.1632
-83.6389
-85.4431
-84.0051
-86.062
-84.5386
-76.8323
-85.3479
-75.7526
-61.8634
-79.317
-68.9099
-78.8135
-62.4457
-72.0807
-63.703
-84.6918
-78.3539
-86.5631
-75.2679
-74.2609
-77.334
-73.4735
-76.9019
-70.4718
-75.3088
-71.795
-70.943
-66.9232
-64.2767
-67.2278
-84.0857
-85.9149
-88.8116
-84.3195
-85.5139
-78.6273
-80.6104
-82.7429
-85.9393
-82.641
-84.0985
-94.295
-98.4027
-106.373
-115.523
-110.248
-95.1569
-78.6511
-78.0176
-79.8999
-77.464
-93.6066
-103.845
-108.035
-94.0253
-87.7307
-86.8384
-90.6982
-91.8506
-89.6057
-88.1201
-84.0076
-69.8816
-70.686
-75.3882
-78.0347
-83.1189
-83.6121
-72.3657
-78.241
-68.7415
-74.2078
-78.4753
-90.0891
-87.9395
-92.8137
-91.1304
-90.4614
-78.5156
-85.8984
-89.6497
-92.9712
-89.0942
-90.3772
-89.7534
-88.9209
-90.304
-91.3989
-93.844
-91.4404
-94.6838
-93.3826
-90.509
-89.2944
-87.8406
-83.2642
-82.7551
-71.5454
-76.084
-74.5361
-78.1494
-74.0222
-73.7878
-75.4968
-61.9873
-69.0369
-73.2874
-81.1597
-68.7683
-76.0486
-68.1628
-80.531
-79.8962
-77.4609
-89.8254
-86.947
-89.3237
-83.5474
-83.6682
-82.1643
-80.3625
-73.5657
-76.8945
-78.0615
-80.8875
-81.0559
-77.218
-83.3521
-89.3079
-86.9568
-88.7
-69.2834
-79.4617
-67.5281
-71.7651
-68.3533
-71.2158
-78.8599
-65.3674
-73.8489
-73.894
-87.4768
-87.6294
-81.1169
-81.1389
-72.9688
-73.5608
-75.9216
-78.446
-107.513
-93.8745
-93.916
-98.7646
-99.4666
-95.4163
-92.7502
-86.9812
-90.0989
-87.2412
-86.6138
-82.9578
-84.4019
-79.0161
-89.3042
-84.2688
-88.0298
-88.1226
-87.793
-88.3276
-87.4561
-99.9939
-101.4
-104.441
-99.3188
-96.333
-91.3452
-93.2043
-88.6255
-91.3428
-96.3208
-95.7837
-98.064
-102.917
-91.9019
-95.9473
-90.6226
-98.0298
-96.9409
-98.4131
-96.8311
-102.214
-95.7178
-95.6982
-89.0234
-91.2427
-83.938
-91.7114
-95.957
-92.041
-92.6587
-96.3696
-103.984
-108.403
-118.53
-111.064
-109.873
-98.7769
-102.395
-97.6147
-96.3477
-90.6445
-93.833
-88.4302
-87.854
-82.7295
-82.4341
-84.7827
-82.1265
-83.1226
-79.2578
-84.6387
-85.3833
-81.2988
-93.4546
-95.3467
-87.3242
-92.7295
-95.4004
-94.0234
-89.5703
-91.6748
-85.564
-85.52
-92.0093
-92.6318
-101.25
-111.24
-112.449
-147.783
