-107.546
-111.775
-120.228
-122.603
-116.728
-107.21
-111.057
-113.23
-105.761
-109.942
-106.636
-104.912
-99.7763
-99.1855
-98.075
-103.079
-106.883
-112.247
-130.519
-127.256
-117.962
-112.109
-111.12
-105.875
-110.222
-103.123
-106.646
-118.787
-121.313
-123.226
-117.917
-128.929
-135.578
-137.69
-136.245
-135.97
-125.171
-116.072
-106.156
-105.474
-110.332
-107.34
-101.287
-102.431
-103.449
-109.789
-107.692
-109.888
-107.747
-120.738
-120.97
-122.189
-111.652
-115.646
-118.616
-124.891
-128.945
-121.24
-110.125
-102.401
-97.9407
-98.5913
-92.561
-91.7358
-88.4058
-81.203
-71.1694
-60.885
-57.6111
-64.0253
-72.5586
-70.3455
-74.9146
-76.6022
-78.103
-78.7738
-80.5145
-79.0167
-74.0936
-82.3193
-90.1648
-102.24
-104.445
-114.235
-113.301
-107.825
-97.5629
-105.043
-110.33
-118.183
-110.102
-108.74
-102.356
-101.564
-101.684
-110.027
-107.076
-110.441
-102.576
-98.8928
-98.3191
-87.8955
-84.4446
-78.4448
-69.9976
-67.6282
-67.6221
-82.3462
-95.2087
-100.392
-110.037
-118.879
-114.148
-105.415
-104.231
-108.324
-112.946
-117.88
-120.159
-115.409
-123.379
-131.096
-137.169
-127.933
-123.231
-126.892
-129.783
-122.551
-119.575
-113.864
-112.618
-111.42
-115.986
-117.99
-116.771
-119.961
-138.821
-137.6
-139.869
-125.111
-119.374
-117.761
-118.195
-124.808
-130.294
-128.953
-134.849
-134.869
-136.532
-139.077
-135.914
-136.858
-139.904
-140.37
-133.414
-137.33
-129.381
-119.121
-111.88
-113.983
-114.94
-112.194
-109.146
-103.762
-103.859
-104.99
-103.649
-107.034
-105.336
-104.608
-100.956
-100.557
-103.857
-106.334
-105.012
-101.378
-104.792
-105.923
-108.699
-105.868
-102.92
-106.661
-104.515
-101.007
-99.436
-102.24
-101.626
-108.818
-115.303
-120.542
-125.132
-132.28
-131.064
-134.46
-132.607
-134.448
-131.924
-125.034
-118.77
-114.326
-109.006
-105.359
-102.007
-104.395
-99.6875
-101.846
-101.162
-103.713
-97.8467
-101.599
-102.485
-104.353
-107.351
-109.656
-112.095
-106.248
-99.6265
-98.9087
-101.748
-104.846
-105.291
-96.9189
-100.859
-95.9302
-92.6318
-85.7031
-79.6875
-73.6548
-72.2656
-65.9937
-75.8276
-67.0312
-78.2446
-76.5552
-75.7764
-76.2598
-70.5957
-64.0503
-67.9443
-73.0444
-75.7178
-77.7319
-85.2148
-81.9995
-76.3281
-77.8467
-67.2046
-72.9858
-61.5161
-65.8081
-57.4756
-59.9805
-68.1812
-68.7085
-67.2729
-69.1309
-63.2007
-70.6226
-71.5869
-70.6812
-69.6069
-68.4155
-60.8447
-66.9189
-64.0308
-63.2886
-69.9561
-83.4497
-95.4224
-86.4331
-91.3843
-94.397
-93.9209
-93.0566
-93.4546
-90.9546
-90.6079
-80.7227
-71.3403
-66.7578
-63.4473
-65.7739
-59.79
-65.8447
-59.4727
-69.873
-62.2241
-71.6406
-76.5698
-89.2188
-100.249
-97.1118
-98.0859
-92.4829
-95.8008
-92.9028
-89.3262
