-53.7099
-56.3774
-56.4379
-56.7149
-63.0166
-59.748
-62.8296
-57.7594
-54.0755
-53.0361
-54.0965
-55.8588
-62.6105
-55.5904
-50.8888
-53.4535
-52.8648
-59.2112
-59.6237
-62.9073
-58.4508
-72.7099
-65.5951
-68.0954
-56.8811
-62.3756
-65.9344
-60.8482
-60.8815
-66.701
-69.1447
-80.7703
-100.921
-114.736
-136.672
-157.081
-133.697
-162.917
-117.031
-104.715
-104.165
-110.664
-118.856
-116.41
-120.049
-142.545
-137.253
-137.584
-141.077
-136.7
-130.629
-100.321
-94.3509
-101.943
-119.662
-116.411
-102.118
-101.116
-103.795
-113.335
-119.384
-132.399
-128.127
-128.152
-120.149
-112.843
-113.752
-108.862
-110.671
-97.8339
-91.8787
-80.8423
-83.5126
-90.506
-100.448
-112.247
-87.0239
-79.1266
-77.1252
-82.8577
-77.8583
-81.9385
-83.1738
-83.0951
-84.6301
-86.355
-94.1791
-94.3036
-106.515
-102.675
-104.954
-103.953
-100.397
-100.756
-103.185
-105.748
-97.9651
-101.331
-92.7594
-90.3314
-83.1653
-78.9246
-79.1156
-79.4781
-80.0873
-73.3893
-72.6807
-67.0746
-69.0643
-62.4335
-65.3137
-54.9243
-49.8688
-58.5229
-54.7229
-53.5693
-52.926
-48.1189
-46.3452
-39.7888
-40.9094
-40.7544
-39.2102
-42.4939
-44.7729
-43.4314
-45.5945
-50.0293
-42.4268
-49.9792
-49.3262
-53.1958
-64.2786
-69.2834
-67.9968
-76.3635
-85.8154
-77.5891
-77.771
-81.2085
-74.2529
-72.771
-71.9812
-68.374
-72.71
-63.9294
-59.1382
-50.2026
-63.551
-58.9062
-50.9106
-51.1963
-53.6035
-48.6572
-49.9109
-55.5518
-48.2166
-45.752
-44.0259
-47.4451
-52.8735
-51.5149
-56.571
-62.6685
-57.7942
-53.7781
-43.9148
-52.5208
-48.6853
-54.9561
-49.1748
