-74.9353
-78.337
-84.8637
-77.0123
-85.9684
-91.1705
-83.2678
-86.9437
-83.3386
-91.927
-91.3909
-93.6982
-92.7288
-84.825
-78.156
-83.6266
-92.0634
-91.595
-82.0335
-78.0121
-67.7036
-73.0246
-77.3303
-79.9701
-85.2742
-87.1419
-82.7855
-74.8804
-82.6213
-77.1782
-80.3726
-64.8846
-72.4509
-68.8126
-69.3185
-68.3325
-70.1608
-68.3554
-67.6035
-69.577
-74.1757
-77.8217
-75.7764
-69.4571
-70.9128
-81.7581
-90.8325
-89.7809
-82.3474
-92.2345
-93.0231
-94.3604
-96.8597
-98.5855
-104.644
-99.2889
-98.0707
-94.8944
-97.1796
-88.4698
-87.6865
-88.0368
-89.0344
-87.1735
-89.7534
-90.4999
-94.7168
-93.8513
-99.4055
-93.4998
-98.0743
-97.3022
-95.7452
-90.9399
-89.5953
-88.7402
-90.6287
-91.731
-94.317
-95.0293
-95.1215
-101.2
-105.064
-109.263
-109.594
-105.602
-100.762
-95.7281
-95.0342
-93.797
-92.3846
-87.4976
-89.7729
-87.4103
-89.3707
-87.3071
-91.9434
-89.754
-94.5325
-104.121
-108.403
-111.043
-114.139
-118.241
-108.571
-100.892
-94.5026
-95.5438
-95.0537
-94.1711
-92.3309
-92.6868
-93.6804
-92.5043
-92.2229
-90.1959
-91.4636
-93.2983
-94.5239
-98.5803
-96.5515
-95.1538
-90.7654
-90.7324
-89.5142
-87.6355
-91.4819
-95.3223
-100.072
-100.833
-99.6045
-101.968
-97.5818
-97.7808
-99.823
-97.1448
-101.062
-97.6404
-96.5222
-93.8074
-93.2422
-94.0674
-89.3823
-79.4739
-87.5586
-87.8088
-87.4414
-77.4231
-74.0991
-82.6367
-94.3506
-88.1262
-89.0747
-90.8789
-92.7795
-87.8711
-86.6907
-80.6848
-86.3953
-86.5527
-85.2551
-75.2917
-75.1648
-83.4424
-92.0386
-94.7937
-94.9341
-94.0881
-95.4761
-94.7095
-92.6904
-92.5659
-91.6089
-91.3269
-91.3757
-92.5476
-92.9797
-96.3818
-95.7776
-94.3896
-91.8494
-90.8289
-90.5713
-89.707
-90.459
-88.9124
-87.1069
-88.042
-87.3889
-89.823
-87.9688
-88.9673
-88.3069
-89.6973
-87.3047
-90.6421
-87.9871
-89.4165
-88.385
-88.9832
-89.1772
-91.2903
-92.9932
-93.7292
-94.3616
-96.2073
-97.5586
-97.6807
-95.1331
-91.6858
-87.2144
-91.814
-90.5469
-92.2498
-87.97
-83.3081
-87.0007
-83.4216
-85.47
-80.7336
-83.4314
-83.7231
-84.7241
-80.3589
-79.9158
-85.6421
-88.811
-96.0999
-95.2881
-96.3086
-90.3076
-83.5034
-76.9019
-83.9014
-94.9756
-94.3335
-97.9443
-93.6328
-86.3916
-86.0327
-88.9722
-80.2832
-83.8477
-85.0366
-86.5308
-79.8193
-72.2437
-74.0552
-68.9502
-70.127
-73.4058
-72.9907
-78.3545
-73.23
-76.9946
-75.957
-77.8857
-79.0649
-68.4961
-71.5552
-70.1025
-68.1177
-71.7065
-74.8657
-72.2461
-67.2314
-67.8906
-68.4131
-82.1094
-86.3062
-88.7476
-90.1807
-88.4839
-97.8418
-94.9976
-96.2207
-85.979
-80.0122
-77.6782
-86.355
-92.0776
-89.0356
-88.9453
-80.21
-74.7314
-80.0269
-80.3662
-80.2588
-81.4307
-90.7007
-90.3979
-89.1089
-89.5752
-99.1479
-90.3174
-83.2031
-89.6094
-80.4419
-74.021
-75.2881
-69.5923
-71.2207
-65.6494
-64.6851
-61.3354
