-77.1726
-70.2384
-81.0354
-87.1073
-95.4834
-102.263
-100.238
-90.2529
-83.3384
-80.7079
-82.9269
-78.0154
-77.0211
-75.8744
-76.7313
-73.7549
-67.2034
-71.3875
-63.5037
-82.598
-90.1778
-93.0792
-101.615
-110.866
-111.369
-108.311
-102.612
-97.1416
-93.0377
-94.3454
-92.6718
-93.9575
-92.7554
-93.1277
-93.7964
-97.4106
-94.6616
-95.8664
-93.8708
-95.8563
-95.1431
-97.1393
-100.424
-94.1495
-94.2599
-90.4352
-90.6253
-90.9964
-95.6396
-95.9177
-85.0403
-86.1966
-87.8662
-91.185
-102.71
-89.3811
-87.9953
-89.469
-91.3184
-81.5155
-87.157
-92.6154
-99.6112
-103.77
-112.96
-115.073
-115.673
-116.883
-116.175
-113.862
-111.569
-110.704
-104.723
-99.8798
-96.6608
-96.4807
-99.7626
-102.652
-105.034
-105.307
-104.674
-105.23
-102.495
-107.498
-108.812
-116.852
-119.738
-123.135
-121.623
-117.049
-121.304
-125.329
-125.502
-120.648
-116.609
-105.69
-100.065
-99.6448
-97.5787
-100.735
-105.005
-110.07
-111.857
-112.534
-110.322
-104.467
-99.3958
-94.1394
-94.4653
-96.2317
-95.5322
-93.9124
-97.7478
-97.2607
-103.822
-107.278
-108.707
-112.699
-115.25
-110.363
-104.581
-104.078
-103.672
-103.267
-103.505
-103.807
-101.646
-102.797
-105.631
-106.697
-104.041
-105.265
-105.502
-108.484
-107.924
-115.691
-113.776
-111.823
-110.773
-109.075
-108.169
-107.156
-106.05
-105.619
-105.696
-106.783
-110.931
-113.069
-111.904
-106.805
-102.634
-97.2534
-94.115
-96.4233
-96.0425
-95.1917
-92.7356
-91.908
-89.5312
-89.8035
-91.2317
-94.1467
-96.1401
-98.9185
-99.1052
-99.3762
-102.361
-103.108
-108.17
-103.956
-100.669
-100.161
-101.714
-100.367
-102.037
-101.116
-103.407
-104.414
-111.149
-111.875
-106.92
-103.739
-103.773
-97.2852
-102.755
-99.353
-99.0967
-96.2354
-90.1404
-94.3079
-95.155
-93.3008
-91.8713
-89.7424
-89.2114
-88.4448
-85.885
-87.8076
-88.7915
-92.8845
-96.9336
-100.356
-97.6794
-98.9624
-99.6533
-98.9319
-96.9727
-96.8994
-101.538
-104.192
-101.448
-94.9854
-93.7109
-97.2412
-90.0195
-88.3447
-89.1504
-85.6592
-95.6592
-93.1885
-84.0503
-84.6802
-85.6055
-84.9902
-71.5063
-70.0195
-71.0107
-71.46
-76.7993
-73.8916
-66.0254
-68.4644
-72.1289
-78.4106
-78.9795
-85.4126
-85.2954
-83.1348
-78.8037
-88.3423
-83.6719
-88.8428
-82.8101
-74.5801
-78.1421
-77.3071
-76.3208
-77.9956
-79.1577
-78.9038
-76.6309
-78.4692
-73.1274
-89.3066
-87.8027
-90.2002
-95.6958
-102.092
-95.3613
-93.6597
-88.9136
-88.96
-84.6655
-89.1797
-82.9785
-90.5835
-86.814
-88.9526
-87.5537
-83.2007
-75.1587
-77.3633
-78.6353
-76.2866
-70.0171
-79.2749
-76.6602
-75.9009
-80.0879
-79.8828
-81.8945
-86.6919
-83.877
-89.6899
-88.0444
-85.0464
-78.4375
-76.04
-68.7256
-82.2144
-83.5742
-85.4688
-95.3491
-94.8828
-98.4009
-94.1528
-93.5767
-91.6064
-91.9092
-99.0283
-99.873
-95.7593
-90.2295
-83.6377
-62.7783
