-74.4685
-74.4696
-76.7712
-75.5034
-75.6335
-79.2058
-74.6491
-69.3008
-71.5006
-76.5141
-69.8447
-64.8431
-69.4927
-65.016
-68.6595
-67.537
-72.5987
-61.4477
-61.2903
-61.6286
-63.4662
-66.1693
-60.6561
-68.5089
-75.4875
-85.834
-81.2759
-89.6364
-80.8212
-72.4783
-80.442
-83.7735
-92.6375
-93.6261
-98.4732
-101.264
-102.725
-102.61
-97.0715
-98.2681
-102.947
-100.141
-97.793
-96.4883
-98.0359
-92.0526
-90.892
-86.3293
-86.1621
-89.8389
-92.2775
-92.3059
-97.0343
-99.3155
-98.4454
-93.7485
-95.4224
-93.6447
-91.6006
-86.1172
-87.0892
-93.3163
-91.4349
-94.9591
-90.6348
-90.3345
-86.5656
-87.2083
-91.8518
-92.439
-96.5472
-92.8857
-88.9709
-86.0272
-80.7172
-80.7745
-76.5918
-75.7764
-74.9664
-74.5752
-92.89
-103.027
-108.324
-119.573
-123.937
-111.761
-101.17
-99.4037
-100.515
-103.522
-102.104
-101.503
-102.377
-99.4244
-101.909
-101.186
-104.218
-106.187
-105.793
-106.03
-105.541
-107.159
-104.459
-107.759
-106.409
-105.446
-106.203
-108.065
-112.485
-106.116
-108.02
-103.572
-99.5502
-98.0505
-93.3875
-93.4473
-92.9077
-93.5693
-92.0996
-97.7234
-95.8594
-98.7317
-98.7793
-102.686
-105.258
-106.868
-106.453
-104.546
-102.229
-96.2366
-97.8357
-101.984
-99.3311
-107.164
-104.407
-109.825
-104.736
-106.956
-103.019
-105.138
-102.513
-104.081
-98.1165
-94.9707
-94.187
-93.7952
-92.0349
-94.7021
-90.5127
-89.2993
-90.7129
-93.6121
-93.1982
-91.0022
-90.3955
-93.313
-95.9241
-99.6497
-99.7278
-103.915
-107.571
-107.173
-104.445
-99.325
-98.6572
-97.3242
-99.8132
-100.95
-101.335
-100.93
-101.244
-97.5623
-94.2029
-90.8191
-88.6694
-88.5437
-90.5493
-92.1423
-93.374
-94.4946
-96.272
-97.3962
-96.7725
-96.8823
-95.1819
-93.6975
-91.0327
-91.9763
-93.2068
-97.7197
-99.3896
-101.591
-103.894
-105.006
-100.89
-98.158
-95.2441
-97.8601
-99.1296
-105.734
-113.661
-119.939
-119.363
-119.282
-115.858
-111.051
-114.266
-108.407
-101.963
-102.911
-95.8911
-99.1284
-95.9424
-94.5166
-101.504
-84.8779
-92.9041
-89.6313
-92.1362
-93.3862
-103.982
-94.3286
-84.8926
-79.3555
-91.5601
-97.146
-95.6909
-95.4565
-88.5205
-93.1128
-94.5068
-92.6001
-100.308
-97.9468
-92.8662
-96.5649
-76.6772
-87.7441
-91.6699
-87.5244
-95.6836
-92.5562
-94.7534
-85.4321
-85.4956
-80.5957
-88.2495
-84.5093
-85.8423
-85.6128
-85.6543
-81.7847
-78.9038
-79.9756
-90.1074
-92.9443
-94.0381
-96.7749
-98.7598
-91.2134
-90.3442
-92.561
-87.8638
-88.0273
-86.8604
-83.5522
-84.4092
-87.5537
-89.8315
-94.0771
-99.3506
-87.9321
-91.9263
-97.8247
-103.352
-94.8169
-94.7583
-103.271
-97.5952
-108.984
-97.0166
-86.8994
-90.2051
-100.508
-95.0269
-93.6377
-90.0464
-84.9683
-89.4824
-92.5171
-86.2915
-81.0718
-84.9756
-85.21
-80.3833
-79.8047
-83.3008
