-73.1727
-86.8291
-92.4201
-81.549
-84.4027
-91.3769
-94.6753
-91.2161
-87.2327
-84.4487
-81.7856
-80.9943
-86.8207
-96.4379
-98.1719
-100.671
-105.81
-115.432
-113.291
-112.833
-107.499
-107.471
-101.835
-96.1113
-96.4586
-95.3302
-97.3395
-108.818
-111.509
-114.823
-114.772
-108.977
-100.51
-100.26
-101.879
-105.55
-110.168
-107.453
-102.953
-99.537
-100.707
-97.3041
-94.4049
-92.9218
-93.2523
-97.6782
-98.8004
-99.1736
-96.4117
-95.741
-93.1717
-94.0387
-94.7995
-92.9755
-95.7745
-94.483
-96.8933
-99.0607
-101.175
-100.535
-99.9133
-100.56
-101.671
-106.039
-107.943
-110.231
-110.399
-112.083
-109.55
-109.393
-120.147
-117.812
-114.901
-101.959
-108.105
-102.901
-101.702
-101.043
-96.8848
-97.1082
-95.2032
-99.8126
-97.8021
-100.656
-101.649
-103.325
-108.172
-109.034
-104.479
-99.2328
-97.2833
-94.1974
-97.2809
-94.3817
-96.2128
-96.5558
-97.1887
-96.2677
-100.822
-100.914
-98.3698
-97.0563
-93.2452
-92.2864
-91.3403
-91.8066
-92.196
-91.6541
-91.98
-92.8235
-94.0527
-92.8784
-95.2344
-94.6289
-95.9766
-94.9487
-94.9585
-96.8079
-97.0007
-98.9038
-100.27
-98.2434
-98.2007
-95.2112
-96.0022
-96.7969
-96.2195
-99.5496
-100.282
-102.751
-99.8877
-99.5984
-102.648
-101.759
-98.9355
-91.8115
-93.1226
-92.1204
-90.1074
-91.9788
-92.0154
-93.6755
-87.2485
-88.1482
-84.6765
-82.793
-81.5979
-75.509
-77.7124
-80.5542
-79.0234
-89.0588
-87.0654
-87.8125
-87.6624
-87.2668
-100.269
-106.825
-107.976
-114.908
-123.989
-100.505
-97.1704
-87.4573
-88.1091
-84.0491
-82.616
-74.4873
-75.5603
-66.073
-76.4563
-68.1824
-72.2498
-67.4683
-72.8601
-74.0723
-75.3186
-75.8411
-75.9863
-64.7632
-67.1655
-76.1987
-83.7354
-80.1331
-80.1367
-77.0361
-73.1189
-75.8765
-72.8894
-60.2075
-65.0024
-67.7917
-66.3586
-77.1155
-90.658
-96.0229
-98.8269
-100.382
-100.032
-103.097
-96.3062
-89.0723
-87.2607
-76.842
-81.3745
-75.4468
-76.5393
-72.1326
-69.8291
-61.4966
-60.2942
-80.3564
-74.2761
-85.0757
-82.9236
-75.957
-75.1624
-79.1357
-84.5154
-70.5139
-60.7617
-63.5583
-65.7422
-60.5273
-59.6216
-72.7295
-73.833
-75.1099
-89.2505
-82.6392
-77.7954
-75.0464
-85.1636
-87.5586
-82.4634
-83.5034
-85.8228
-88.4814
-93.8867
-90.4321
-94.9536
-95.0342
-94.3506
-102.522
-101.748
-106.26
-102.942
-98.8281
-102.212
-102.473
-92.5439
-92.1582
-87.771
-90.0977
-87.2754
-86.7261
-87.8687
-82.041
-80.0488
-78.6328
-81.3989
-79.7412
-84.0527
-75.5859
-73.0493
-67.2437
-69.6387
-66.4966
-73.6914
-65.9521
-68.3325
-63.7695
-65.7715
-63.6621
-68.9551
-77.0068
-84.8096
-87.6562
-77.605
-74.6289
-68.4741
-79.2725
-78.7793
-82.7051
-95.6567
-93.5376
-101.44
-96.4624
-93.4644
-89.7632
-91.8237
-89.4116
-88.3228
-84.8218
-82.7148
-79.2212
-76.4429
