-91.0756
-92.5963
-99.4091
-95.1257
-93.7763
-93.5681
-95.0481
-96.0448
-94.5493
-94.8719
-103.073
-105.98
-106.733
-98.2548
-101.775
-96.669
-96.1362
-95.0374
-92.5005
-91.0045
-87.3341
-91.4131
-92.1793
-96.275
-95.237
-96.3724
-98.5858
-103.657
-101.622
-94.1345
-91.5784
-94.5135
-100.868
-102.172
-108.284
-98.5477
-91.1575
-90.0674
-91.0956
-95.2441
-93.4927
-93.2318
-91.5942
-94.8062
-92.9269
-93.1308
-95.1053
-98.0927
-95.8939
-97.6678
-93.2962
-93.1479
-90.9482
-90.3653
-93.7115
-95.8673
-99.2328
-98.3972
-99.3982
-96.2445
-96.3934
-93.1158
-95.4749
-94.1479
-93.3362
-91.1169
-92.7271
-89.6875
-90.6702
-92.0123
-98.9307
-99.2279
-104.426
-102.336
-101.339
-99.2102
-93.6005
-93.3997
-91.842
-96.5045
-93.4192
-93.7836
-92.5085
-93.6316
-93.5181
-94.6338
-95.1837
-99.1016
-93.9075
-93.5187
-94.7784
-91.3574
-97.3145
-102.14
-108
-101.707
-101.269
-103.358
-104.75
-98.5901
-96.2555
-93.5699
-97.0789
-93.4814
-95.9778
-94.7498
-90.769
-90.2795
-88.6646
-90.3296
-87.1313
-90.6921
-89.5325
-93.4216
-94.0112
-95.3857
-92.6685
-96.6504
-93.9697
-93.3606
-88.291
-88.0359
-87.9175
-88.8806
-88.8489
-90.0354
-94.3665
-90.8911
-87.9175
-87.6453
-89.1907
-87.9712
-88.7524
-91.4612
-91.4136
-95.365
-92.2559
-94.3286
-90.2527
-92.2925
-89.5239
-95.3235
-92.3572
-95.3149
-95.0793
-94.4775
-90.1929
-89.1772
-88.6841
-90.3137
-90.3479
-89.8718
-87.1118
-86.6528
-87.4426
-87.6355
-89.7351
-90.8948
-95.105
-98.4363
-112.323
-120.93
-113.286
-110.132
-103.55
-109.932
-108.833
-115.697
-115.693
-109.984
-110.889
-108.436
-103.877
-98.0737
-98.96
-96.792
-102.488
-106.381
-104.453
-98.645
-95.863
-96.9592
-99.8535
-99.1907
-100.258
-103.816
-101.698
-106.208
-117.534
-124.469
-118.119
-113.174
-97.9492
-94.0137
-90.2881
-93.2947
-92.9846
-91.6687
-90.0146
-93.4155
-90.3931
-91.2097
-91.2451
-88.7708
-86.9397
-88.1592
-91.803
-96.3086
-101.484
-103.816
-106.427
-107.555
-107.242
-107.725
-104.648
-100.166
-96.3354
-93.855
-92.4536
-89.834
-89.082
-89.8804
-90.2344
-91.604
-94.9683
-92.0093
-90.4907
-90.5762
-88.5059
-87.7661
-82.5464
-86.1328
-88.5742
-91.084
-86.9751
-82.0117
-84.6875
-87.5635
-86.8726
-88.3203
-87.0679
-77.8809
-83.396
-71.7065
-72.6489
-73.5596
-70.3418
-73.3423
-72.8247
-74.3457
-75.0488
-76.1572
-61.6284
-67.3755
-60.127
-62.5513
-59.3677
-55.9766
-57.2021
-65.3589
-57.9468
-68.5815
-63.1567
-65.0635
-63.0542
-67.8027
-71.084
-68.772
-70.0049
-77.8516
-70.918
-68.4448
-75.4297
-72.5073
-69.8462
-67.9443
-74.7656
-67.771
-64.4092
-67.605
-69.2114
-70.4102
-68.6157
-71.1182
-74.1309
-84.8413
-91.731
-93.9502
-92.4731
-91.5015
-81.1108
-70.9741
-73.3643
-86.0913
-81.5723
-76.5576
-70.1636
