-126.348
-151.217
-162.66
-134.625
-116.946
-108.364
-106.148
-107.715
-114.896
-131.029
-143.682
-156.974
-165.792
-157.63
-153.008
-151.378
-142.702
-130.6
-126.985
-121.757
-113.166
-108.134
-102.077
-102.57
-100.013
-100.676
-103.38
-109.39
-112.138
-109.741
-114.233
-116.424
-120.205
-110.579
-106.593
-106.752
-104.824
-109.09
-111.401
-118.8
-139.26
-163.648
-167.244
-164.96
-154.003
-130.674
-116.478
-110.973
-106.865
-110.892
-118.079
-135.182
-151.204
-170.063
-181.016
-172.589
-150.406
-129.445
-124.056
-119.562
-120.934
-117.626
-121.019
-119.752
-123.481
-125.542
-123.624
-116.702
-116.547
-121.754
-115.849
-113.353
-103.904
-101.83
-105.566
-106.429
-103.849
-94.256
-93.1409
-93.7988
-94.8529
-90.4602
-94.5819
-98.6096
-98.1604
-98.2727
-97.0288
-97.2803
-94.6301
-95.177
-84.7937
-79.7058
-82.8455
-80.9155
-81.7639
-78.894
-79.9133
-85.1721
-79.7876
-81.178
-77.8308
-84.0295
-73.551
-74.2505
-67.6489
-76.9519
-55.5371
-67.7344
-69.8657
-71.8201
-74.4238
-82.4231
-71.4258
-69.2053
-75.6775
-67.7209
-62.2681
-66.0828
-69.0088
-85.3662
-98.1116
-108
-116.638
-135.41
-143.411
-127.374
-112.373
-105.642
-95.9387
-79.303
-72.1973
-73.4973
-73.8293
-74.3835
-72.2705
-71.875
-79.4128
-67.5293
-67.229
-74.7241
-66.4233
-67.7856
-67.9431
-61.9519
-65.5359
-72.7832
-73.9441
-77.0496
-79.3066
-75.4858
-75.885
-78.5889
-85.3088
-84.0503
-85.6006
-85.7312
-90.8203
-89.9817
-81.5796
-82.135
-69.6216
-77.5293
-72.627
-70.0488
-66.7981
-71.6113
-78.772
-79.8633
-80.0977
-75.282
-77.2913
-69.176
-75.033
-65
-68.4778
-70.0171
-70.7812
-67.7307
-68.3521
-65.7068
-77.8308
-69.1846
-79.8914
-73.5156
-76.3953
-81.189
-73.8269
-76.1646
-70.9766
-83.2251
-86.8604
-81.9299
-77.6331
-73.2324
-66.676
-63.2166
-62.8369
-69.5349
-67.9419
-61.4612
-70.3308
-73.3887
-78.374
-74.1248
-83.8013
-79.8096
-75.3247
-70.6787
-76.2061
-74.7559
-86.2317
-83.158
-86.5027
-85.5591
-86.5625
-88.877
-80.3613
-73.3008
-70.1294
-66.5576
-65.8105
-63.5864
-67.7173
-69.9414
-65.5737
-60.4761
-57.0605
-69.397
-63.6328
-68.2788
-74.856
-73.2373
-68.4155
-70.9106
-81.5503
-74.7168
-76.084
-68.3276
-67.2412
-61.3403
-64.7437
-65.8447
-73.2495
-72.6855
-75.8984
-75.3418
-78.7988
-79.2773
-75.8496
-84.1577
-80.6396
-75.5371
-80.21
-63.2227
-64.4092
-59.6484
-59.2236
-65.2124
-65.7715
-74.5752
-84.7583
-94.0454
-100.461
-96.1133
-86.9287
-86.25
-71.8506
-72.771
-74.834
-70.4614
-67.5293
-74.7705
-72.9858
-79.4189
-66.5796
-68.1372
-72.2437
-68.7402
-63.4448
-62.2583
-74.5728
-64.751
-70.8618
-67.5024
-59.4507
-62.9395
-62.3364
-59.0601
-65.2173
-59.8853
-59.8706
-60.4346
-64.2725
-70.4053
-75.8105
-82.583
-80.1855
-78.8208
-78.8135
-75.7788
-71.7041
-69.5068
-74.8291
-60.686
-66.5894
