-110.277
-141.455
-159.498
-140.066
-124.712
-125.219
-121.688
-107.078
-107.908
-124.573
-162.019
-168.355
-197.142
-173.168
-152.292
-155.47
-145.8
-141.955
-136.858
-131.178
-114.426
-111.435
-107.139
-108.89
-106.516
-114.8
-118.18
-115.077
-116.43
-127.487
-113.617
-119.024
-135.479
-118.271
-113.625
-114.422
-122.018
-115.547
-120.238
-130.169
-152.786
-172.086
-167.897
-165.419
-163.966
-142.416
-130.21
-125.42
-122.348
-123.874
-121.806
-129.758
-146.989
-170.015
-175.376
-168.965
-153.241
-140.815
-141.785
-140.942
-139.134
-134.198
-135.937
-139.296
-138.83
-127.696
-134.484
-134.282
-128.857
-128.33
-119.975
-120.497
-116.665
-111.896
-114.855
-108.593
-102.345
-97.9739
-103.091
-108.648
-118.529
-104.098
-105.661
-111.834
-122.113
-105.705
-101.467
-102.145
-97.2026
-96.1765
-85.0166
-79.9285
-83.0683
-81.1385
-81.9865
-79.1162
-80.1358
-85.3945
-80.0112
-81.4014
-78.0542
-84.252
-73.774
-74.4742
-67.8721
-77.1738
-55.7593
-67.9571
-70.0884
-72.0425
-74.647
-82.6465
-71.6484
-69.4277
-75.9008
-67.9439
-62.4902
-66.3061
-69.2315
-85.5894
-95.65
-104.853
-104.313
-134.748
-146.741
-140.648
-118.75
-99.7632
-96.1612
-79.5264
-72.4204
-73.7197
-74.0522
-74.6059
-72.4937
-72.0982
-79.6348
-67.752
-67.4516
-74.9473
-66.646
-68.0083
-68.1665
-62.1752
-65.7583
-73.0063
-74.1665
-77.272
-79.5293
-75.709
-76.1075
-78.8116
-85.5323
-84.274
-85.8238
-85.9541
-91.0429
-90.2051
-81.8027
-82.3579
-69.8452
-77.7524
-72.8496
-70.273
-67.021
-71.8345
-78.9947
-80.086
-80.3203
-75.5053
-77.5151
-69.3984
-75.2549
-65.2222
-68.7012
-70.2407
-71.0039
-67.9526
-68.5752
-65.9297
-78.0542
-69.4073
-80.1138
-73.7388
-76.6172
-81.4116
-74.0508
-76.3872
-71.2002
-83.4478
-87.0821
-82.1528
-77.8565
-73.4546
-66.8994
-63.4394
-63.0586
-69.7573
-68.165
-61.6846
-70.5542
-73.6114
-78.5976
-74.3467
-84.0234
-80.0332
-75.5478
-70.9014
-76.4282
-74.978
-86.4551
-83.3803
-86.7246
-85.7827
-86.7862
-89.0992
-80.5854
-73.5234
-70.352
-66.7807
-66.0323
-63.8086
-67.9409
-70.1646
-65.7978
-60.6988
-57.2827
-69.6211
-63.8555
-68.5034
-75.0776
-73.462
-68.6396
-71.1343
-81.772
-74.94
-76.3067
-68.5488
-67.4648
-61.5644
-64.9673
-66.0674
-73.4722
-72.9082
-76.1206
-75.5654
-79.021
-79.5014
-76.0723
-84.3809
-80.8624
-75.7602
-80.4331
-63.4453
-64.6319
-59.8711
-59.4463
-65.436
-65.9941
-74.7994
-88.8516
-92.1211
-93.7207
-96.4658
-96.9961
-94.5908
-68.0156
-80.8565
-77.7422
-70.6846
-67.752
-74.9941
-73.2071
-79.6406
-66.8027
-68.3584
-72.4658
-68.962
-63.6679
-62.4815
-74.7949
-64.9746
-71.083
-67.7256
-59.6748
-63.164
-62.5606
-59.2823
-65.4404
-60.1084
-60.0937
-60.6592
-64.4971
-70.6289
-76.0342
-82.8076
-80.4082
-79.0429
-79.0372
-76.002
-71.9268
-69.7295
-75.0527
-60.9112
-66.8116
