jp10-speaker001--001 96 95 96 95 82 89
jp10-speaker001--002 95 95 94 95 94 83
jp10-speaker001--003 95 93 95 95 93 91
jp10-speaker001--004 97 95 95 95 95 95 95
jp10-speaker001--006 96 96 95 95 96 96 96
jp10-speaker001--007 98 96 96 96 97 96 97 97
jp10-speaker001--008 97 97 97 97 96 97
jp10-speaker001--009 97 97 97 97 96 96 88
jp10-speaker001--0010 96 97 97 96 96 96
jp10-speaker002--001 96 96 97 95 96 96
jp10-speaker002--002 96 96 96 96 97 89
jp10-speaker002--003 96 96 96 95 96 87
jp10-speaker002--004 96 96 96 94 94 94 97
jp10-speaker002--005 86 93 96 95 96 97 96 96 97 97
jp10-speaker002--006 96 96 97 95 96 96 96
jp10-speaker002--007 96 95 95 95 93 95 94 95
jp10-speaker003--001 76 68 85 88 76 79
jp10-speaker003--002 87 92 91 92 93 96
jp10-speaker003--003 93 94 94 93 94 95
jp10-speaker003--004 94 94 96 95 96 96 94
jp10-speaker003--005 96 96 94 94 71 91 92 92 92 96
jp10-speaker003--006 96 93 93 96 96 96 94
jp10-speaker003--007 96 95 95 93 96 96 96 95
jp10-speaker003--009 96 96 95 95 89 93 91
jp10-speaker004--002 56 70 78 80 84 87
jp10-speaker004--003 90 83 82 87 89 73
jp10-speaker004--004 89 89 91 93 91 93 89
jp10-speaker004--006 94 91 93 92 93 93 93
jp10-speaker004--007 92 91 91 92 92 93 93 93
jp10-speaker004--009 93 93 95 96 94 94 94
jp10-speaker005--001 93 92 92 93 93 91
jp10-speaker005--002 91 95 96 96 96 95
jp10-speaker005--003 96 96 96 93 96 95
jp10-speaker005--004 96 95 96 96 96 95 96
jp10-speaker005--005 96 96 96 96 96 96 95 95 96 96
jp10-speaker005--006 95 96 95 96 94 95 96
jp10-speaker005--007 80 95 96 96 97 96 96 94
jp10-speaker005--008 94 93 94 94 94 94
jp10-speaker005--009 96 96 96 96 96 95 96
jp10-speaker005--0010 95 94 93 96 96 96
jp10-speaker006--001 87 89 82 90 94 88
jp10-speaker006--002 92 91 91 93 91 82
jp10-speaker006--003 93 92 82 93 90 93
jp10-speaker006--004 89 93 92 94 92 92 92
jp10-speaker006--005 77 76 83 92 93 91 92 91 92 91
jp10-speaker006--006 95 95 95 95 94 95 95
jp10-speaker006--007 88 88 93 92 93 95 95 95
jp10-speaker006--008 95 96 96 96 95 97
jp10-speaker006--0010 93 94 96 95 95 95
jp10-speaker007--001 92 92 93 94 93 91
jp10-speaker007--002 95 96 96 95 96 85
jp10-speaker007--003 93 92 92 93 92 88
jp10-speaker007--004 92 91 94 96 91 93 95
jp10-speaker007--005 95 95 96 95 96 97 96 96 96 96
jp10-speaker007--006 95 95 95 94 95 95 96
jp10-speaker007--007 86 86 91 84 88 86 84 86
jp10-speaker007--008 96 93 94 93 95 95
jp10-speaker007--0010 94 94 95 94 95 95
jp10-speaker008--001 94 94 94 92 86 74
jp10-speaker008--002 83 85 82 84 86 87
jp10-speaker008--003 92 92 82 91 92 91
jp10-speaker008--004 88 93 92 93 93 92 91
jp10-speaker008--005 92 91 92 92 90 93 92 93 93 92
jp10-speaker008--006 73 72 74 74 72 82 90
jp10-speaker008--007 93 91 93 91 94 93 93 92
jp10-speaker008--008 92 93 93 94 93 93
jp10-speaker008--0010 75 73 91 93 92 95 95
jp10-speaker009--001 95 95 90 91 96 95
jp10-speaker009--002 94 95 94 95 94 90
jp10-speaker009--003 94 95 94 94 95 95
jp10-speaker009--004 94 95 94 95 91 91 92
jp10-speaker009--005 95 95 95 95 96 95 95 95 94 97
jp10-speaker009--006 94 96 95 96 95 92 91
jp10-speaker009--007 93 92 92 92 91 94 91 91
jp10-speaker009--008 91 91 91 92 93 90
jp10-speaker009--009 95 96 94 96 95 95 95
jp10-speaker009--0010 95 94 94 95 96 96
jp10-speaker010--001 62 67 64 65 65 66
jp10-speaker010--002 66 66 65 62 64 66 93
jp10-speaker010--003 63 66 66 65 63 64
jp10-speaker010--004 65 66 65 63 68 65 66
jp10-speaker010--005 64 67 66 69 67 67 65 68 67 67
jp10-speaker010--006 66 63 66 66 66 66 66
jp10-speaker010--007 66 68 64 67 64 65 67 66
jp10-speaker010--008 66 65 67 66 66 64
jp10-speaker010--009 65 67 67 66 65 67 66
jp10-speaker010--0010 65 66 66 65 66 68
jp10-speaker011--001 93 94 93 93 93 92
jp10-speaker011--002 96 96 96 95 96 97
jp10-speaker011--003 96 95 96 96 94 94
jp10-speaker011--004 95 94 95 93 92 92 94
jp10-speaker011--005 76 90 93 92 93 93 93 91 77 77
jp10-speaker011--006 95 93 92 92 88 92 92
jp10-speaker011--007 76 90 91 92 92 87 89 85
jp10-speaker011--008 89 91 92 91 92 90
jp10-speaker011--009 74 74 88 93 92 91 93
jp10-speaker011--0010 92 93 91 92 92 93
jp10-speaker012--001 94 94 93 94 95 94
jp10-speaker012--002 93 94 93 94 93 94
jp10-speaker012--003 94 94 95 94 94 93
jp10-speaker012--004 95 94 94 94 95 94 94
jp10-speaker012--005 93 95 94 94 94 95 94 96 93 94
jp10-speaker012--006 95 94 94 95 95 94 94
jp10-speaker012--007 94 94 93 95 95 94 95 95
jp10-speaker012--008 95 95 94 95 93 93
jp10-speaker012--009 96 95 94 94 95 94 95
jp10-speaker012--0010 92 94 94 95 93 94
jp10-speaker013--001 93 94 94 88 94 95
jp10-speaker013--002 93 94 94 94 95 95
jp10-speaker013--003 95 95 95 94 95 95
jp10-speaker013--004 95 95 95 95 95 95 94
jp10-speaker013--005 94 94 96 95 95 95 95 95 95 95
jp10-speaker013--006 95 95 94 95 94 95 96
jp10-speaker013--007 95 94 94 94 96 93 96 94
jp10-speaker013--008 94 95 96 95 95 95
jp10-speaker013--009 94 95 94 95 94 95 94
jp10-speaker013--0010 94 94 95 96 94 94
jp10-speaker014--001 85 84 84 84 87 85
jp10-speaker014--002 85 84 84 85 86 85
jp10-speaker014--003 83 86 83 86 86 87
jp10-speaker014--004 87 85 86 86 87 86 85
jp10-speaker014--005 87 87 87 86 84 85 87 88 88 87
jp10-speaker014--006 86 87 87 87 88 86 86
jp10-speaker014--007 87 85 86 86 85 86 85 87
jp10-speaker014--008 86 84 86 85 85 83
jp10-speaker014--009 90 85 84 84 85 86 87
jp10-speaker015--001 33 95 94 94 95 94
jp10-speaker015--002 95 95 94 95 95 90
jp10-speaker015--004 82 82 87 83 84 83 86
jp10-speaker015--006 91 91 94 91 95 94 96
jp10-speaker015--007 87 88 88 86 86 86 85 75
jp10-speaker015--008 84 87 75 81 82 84
jp10-speaker015--0010 69 83 86 87 73 86
jp10-speaker016--001 95 96 95 93 94 95
jp10-speaker016--002 94 93 95 95 95 94
jp10-speaker016--003 95 96 95 96 94 93
jp10-speaker016--004 95 95 96 96 93 94 94
jp10-speaker016--005 96 95 96 97 96 95 97 96 95 95
jp10-speaker016--006 95 96 94 95 96 95 95
jp10-speaker016--007 95 95 95 96 94 94 94 95
jp10-speaker016--008 95 95 93 94 96 95
jp10-speaker016--009 95 94 94 95 95 94 95
jp10-speaker016--0010 86 95 95 94 95 94
jp10-speaker017--002 84 87 84 82 85 84
jp10-speaker017--003 83 84 84 84 95 82
jp10-speaker017--004 83 83 83 83 84 87 83
jp10-speaker017--005 86 87 82 84 86 86 82 86 82 86
jp10-speaker017--006 86 84 84 85 85 85 86
jp10-speaker017--007 83 84 84 85 86 84 83 84
jp10-speaker017--008 83 84 84 83 84 84
jp10-speaker017--009 84 84 82 84 83 84 85
jp10-speaker018--001 94 95 94 94 94 95
jp10-speaker018--002 96 95 96 96 96 95
jp10-speaker018--003 95 95 95 95 95 94
jp10-speaker018--004 95 96 94 96 94 94 94
jp10-speaker018--007 95 95 95 96 95 95 94 94
jp10-speaker018--008 93 93 94 95 94 96
jp10-speaker018--009 94 94 95 95 94 94 95
jp10-speaker018--0010 93 93 95 94 95 94
jp10-speaker019--001 94 95 94 94 94 94
jp10-speaker019--002 94 94 94 94 93 95
jp10-speaker019--003 94 94 94 94 94 94
jp10-speaker019--004 94 95 94 95 94 94 94
jp10-speaker019--005 94 95 94 94 94 94 94 94 95 95
jp10-speaker019--006 94 93 93 93 95 93 95
jp10-speaker019--007 93 94 93 94 93 94 96 95
jp10-speaker019--008 92 93 94 94 94 95
jp10-speaker020--001 94 94 93 94 93 94
jp10-speaker020--003 95 94 93 94 94 94
jp10-speaker020--005 93 93 93 94 93 94 93 94 95 94
jp10-speaker020--006 94 94 94 94 95 93 94
jp10-speaker020--007 94 94 93 95 94 94 94 95
jp10-speaker020--008 94 95 93 94 92 94
jp10-speaker020--009 93 93 94 94 95 94 93
jp10-speaker020--0010 93 93 53 95 95 95
jp10-speaker021--001 74 76 75 73 76 75
jp10-speaker021--002 75 75 76 74 76 75
jp10-speaker021--003 74 75 78 76 75 75
jp10-speaker021--004 75 76 73 75 75 74 74
jp10-speaker021--006 75 75 76 74 76 77 77
jp10-speaker021--007 75 75 75 76 76 77 74 75
jp10-speaker021--008 77 75 75 77 77 78
jp10-speaker021--009 75 79 79 74 77 75 75
jp10-speaker021--0010 74 76 73 77 75 76
jp10-speaker022--001 94 93 94 95 93 94
jp10-speaker022--002 95 94 94 94 92 94
jp10-speaker022--003 93 94 92 96 93 94
jp10-speaker022--004 94 94 95 94 94 93 94
jp10-speaker022--006 95 93 94 94 95 94 94
jp10-speaker022--007 95 95 94 94 94 93 94 93
jp10-speaker022--008 94 94 94 94 94 94
jp10-speaker022--009 95 93 92 95 95 94 94
jp10-speaker022--0010 95 95 95 94 94 95
jp10-speaker023--001 82 86 88 86 86 84
jp10-speaker023--002 77 79 86 85 88 83
jp10-speaker023--003 86 85 86 86 86 88
jp10-speaker023--004 83 83 86 84 86 83 84
jp10-speaker023--005 86 86 89 85 76 87 84 87 87 88
jp10-speaker023--006 91 91 91 91 90 90 92
jp10-speaker023--007 80 92 93 93 94 95 95 93
jp10-speaker023--008 81 86 88 91 86 87
jp10-speaker023--009 83 85 84 90 91 91 94
jp10-speaker023--0010 87 87 90 89 89 91
jp10-speaker024--001 96 96 96 95 99 96
jp10-speaker024--002 97 97 98 97 97 97
jp10-speaker024--003 96 95 92 96 96 95
jp10-speaker024--004 97 96 97 97 97 93 91
jp10-speaker024--005 96 94 96 96 95 96 97 94 96 96
jp10-speaker024--006 95 97 96 96 98 96 97
jp10-speaker024--007 89 82 94 95 96 94 95 95
jp10-speaker024--008 96 95 95 96 95 96
jp10-speaker024--009 96 96 93 93 94 97 97
jp10-speaker024--0010 96 96 96 95 97 96
jp10-speaker025--001 96 95 95 96 96 96
jp10-speaker025--002 96 98 94 95 96 86
jp10-speaker025--003 96 96 95 95 96 95
jp10-speaker025--004 96 96 95 95 96 95 91
jp10-speaker025--005 95 95 93 94 96 95 95 93 93 94
jp10-speaker025--006 96 95 95 95 94 94 94
jp10-speaker025--007 90 80 94 94 95 96 93 94
jp10-speaker025--008 96 94 93 93 94 94
jp10-speaker025--009 95 94 94 92 96 93 97
jp10-speaker025--0010 93 96 94 96 93 94
jp10-speaker026--001 95 95 93 93 90 85
jp10-speaker026--002 94 95 93 96 93 93
jp10-speaker026--003 95 94 94 95 95 93
jp10-speaker026--004 97 96 96 95 96 94 92
jp10-speaker026--005 96 94 96 95 96 95 95 96 90 93
jp10-speaker026--007 84 76 93 81 87 93 95 94
jp10-speaker026--008 95 96 92 96 94 96
jp10-speaker026--009 86 95 91 94 92 62 64
jp10-speaker026--0010 96 95 92 96 94 94
jp10-speaker027--001 86 91 94 88 94 92
jp10-speaker027--002 94 92 92 93 92 79
jp10-speaker027--003 86 90 92 90 91 90
jp10-speaker027--004 93 94 96 93 85 83 85
jp10-speaker027--005 90 89 95 93 92 92 90 90 92 95
jp10-speaker027--006 94 92 93 89 91 82 87
jp10-speaker027--007 82 77 93 93 92 92 92 91
jp10-speaker027--008 88 92 94 88 82 80
jp10-speaker027--009 91 87 88 89 93 93 92
jp10-speaker027--0010 91 93 91 94 93 93
jp10-speaker028--001 95 95 95 97 95 93
jp10-speaker028--002 94 90 82 91 94 77
jp10-speaker028--003 96 95 92 85 93 91
jp10-speaker028--004 93 94 93 95 93 83 90
jp10-speaker028--005 81 83 90 96 91 93 92 95 87 94
jp10-speaker028--006 95 96 96 93 87 83 95
jp10-speaker028--007 79 81 89 80 87 93 94 94
jp10-speaker028--008 96 93 96 94 96 96
jp10-speaker028--009 95 95 92 93 94 94 88
jp10-speaker028--0010 72 88 80 91 91 96
jp10-speaker029--001 94 97 94 95 96 96
jp10-speaker029--002 92 83 93 90 94 92
jp10-speaker029--003 92 93 95 87 88 96
jp10-speaker029--004 93 93 95 85 93 93 95
jp10-speaker029--005 79 84 94 95 95 91 91 94 87 94
jp10-speaker029--006 82 90 91 96 93 94 93
jp10-speaker029--007 95 84 92 94 87 96 92 93
jp10-speaker029--008 92 93 94 92 93 92
jp10-speaker029--009 93 93 84 87 96 95 94
jp10-speaker029--0010 93 95 92 93 95 84
jp10-speaker030--001 93 95 93 91 95 93
jp10-speaker030--002 95 83 93 93 96 84
jp10-speaker030--003 81 86 84 89 96 96
jp10-speaker030--004 95 94 83 80 84 88 93
jp10-speaker030--005 93 93 93 88 86 79 92 94 93 95
jp10-speaker030--006 94 95 94 91 86 96 95
jp10-speaker030--007 82 86 94 85 93 96 94 95
jp10-speaker030--008 94 94 93 95 85 94
jp10-speaker030--009 82 86 93 93 93 91 80
jp10-speaker030--0010 87 93 84 95 93 90
jp10-speaker031--001 92 95 90 94 83 87
jp10-speaker031--002 93 86 94 93 92 81
jp10-speaker031--003 94 92 95 94 92 93
jp10-speaker031--004 95 94 93 93 92 93 95
jp10-speaker031--005 93 93 92 94 94 96 93 95 93 95
jp10-speaker031--006 90 93 92 84 88 93 93
jp10-speaker031--007 87 87 93 96 87 93 93 88
jp10-speaker031--008 96 96 93 91 95 92
jp10-speaker031--009 91 92 82 83 92 93 78
jp10-speaker031--0010 88 93 94 96 94 95
jp10-speaker032--001 96 94 93 93 96 97
jp10-speaker032--002 96 94 93 93 96 97
jp10-speaker032--003 96 94 95 95 95 93
jp10-speaker032--004 93 94 93 94 92 94 92
jp10-speaker032--005 83 83 93 93 93 94 94 92 93 93
jp10-speaker032--006 94 94 94 94 95 93 95
jp10-speaker032--007 83 84 93 81 94 95 92 93
jp10-speaker032--008 96 95 95 95 94 93
jp10-speaker032--009 92 94 92 94 95 91 95
jp10-speaker032--0010 96 96 95 93 95 95
jp10-speaker033--001 95 94 94 95 93 95
jp10-speaker033--002 96 94 94 95 92 93
jp10-speaker033--003 95 97 95 94 95 95
jp10-speaker033--004 96 95 94 83 85 95 94
jp10-speaker033--005 94 95 95 95 82 88 85 91 83 87
jp10-speaker033--006 93 93 94 96 95 96 97
jp10-speaker033--007 88 90 96 96 95 94 93 96
jp10-speaker033--008 95 95 95 95 96 95
jp10-speaker033--009 96 96 95 93 82 91 93
jp10-speaker033--0010 96 93 96 95 93 97
jp10-speaker034--001 96 96 93 93 91 95
jp10-speaker034--002 97 96 96 97 92 83
jp10-speaker034--003 95 93 95 92 94 95
jp10-speaker034--004 97 94 97 93 95 90 96
jp10-speaker034--005 95 95 85 94 96 94 95 93 95 94
jp10-speaker034--006 97 95 95 96 96 97 97
jp10-speaker034--007 87 92 94 96 92 94 95 95
jp10-speaker034--008 95 96 95 93 95 95
jp10-speaker034--009 96 94 88 83 85 94 94
jp10-speaker034--0010 96 94 88 83 85 94 94
jp10-speaker034--0010 96 94 88 83 85 94 94
jp10-speaker035--001 88 94 93 90 95 95
jp10-speaker035--002 94 82 92 95 95 91
jp10-speaker035--003 96 96 92 95 93 94
jp10-speaker035--004 92 97 93 94 92 86 93 93
jp10-speaker035--006 94 94 93 93 94 93 96
jp10-speaker035--007 87 85 96 88 94 97 92 94
jp10-speaker035--008 94 92 84 87 94 92
jp10-speaker035--009 93 94 84 95 95 96 95
jp10-speaker035--0010 91 95 95 94 96 94
jp10-speaker036--001 97 94 96 96 94 95
jp10-speaker036--002 93 96 95 95 94 82
jp10-speaker036--003 96 96 96 96 96 90
jp10-speaker036--004 97 93 94 92 86 93 93
jp10-speaker036--005 82 87 95 95 95 95 95 95 85 84
jp10-speaker036--006 93 96 94 92 93 94 95
jp10-speaker036--007 90 91 92 83 92 94 95 96
jp10-speaker036--008 95 92 94 96 94 94
jp10-speaker036--009 95 93 83 87 94 95 94
jp10-speaker036--0010 95 95 95 96 94 95
jp10-speaker037--001 94 94 94 96 83 84
jp10-speaker037--002 95 86 93 95 96 81
jp10-speaker037--003 94 95 96 95 95 96
jp10-speaker037--004 94 96 93 94 94 95
jp10-speaker037--005 93 90 95 93 94 93 93 95 86 87
jp10-speaker037--006 95 95 95 88 93 94 94
jp10-speaker037--007 87 89 94 86 94 94 94 94
jp10-speaker037--008 94 93 96 94 96 94
jp10-speaker037--009 92 94 87 94 94 94 95
jp10-speaker037--0010 94 93 94 94 93 95
jp10-speaker038--001 94 94 96 94 96 97
jp10-speaker038--002 95 97 95 97 94 88
jp10-speaker038--003 94 95 94 95 94 96
jp10-speaker038--004 96 94 95 95 91 94 88 90
jp10-speaker038--005 95 94 95 96 97 95 95 95 97 95
jp10-speaker038--006 94 94 94 96 93 95 96
jp10-speaker038--007 91 94 97 95 95 97 95 95
jp10-speaker038--008 95 94 96 95 95 94
jp10-speaker038--009 95 90 96 96 96 96 96
jp10-speaker038--0010 96 96 94 96 95 95
jp10-speaker039--001 91 91 94 96 97 95
jp10-speaker039--002 95 93 95 97 95 95
jp10-speaker039--003 89 95 93 94 96 96
jp10-speaker039--004 95 95 96 96 94 94 95
jp10-speaker039--005 93 95 93 94 94 94 95 94 94 97
jp10-speaker039--006 96 95 96 91 92 92 92
jp10-speaker039--007 92 90 92 93 93 91 97 93
jp10-speaker039--008 94 94 94 94 90 93
jp10-speaker039--009 92 94 94 94 96 95 96
jp10-speaker039--0010 95 94 93 93 96 95
jp10-speaker040--001 96 94 96 96 97 96
jp10-speaker040--002 97 96 96 97 96 96
jp10-speaker040--003 96 95 95 95 96 95
jp10-speaker040--004 95 95 94 97 96 94 93
jp10-speaker040--006 94 95 93 96 95 95 96
jp10-speaker040--007 94 96 95 94 95 95 96 96
jp10-speaker040--008 95 97 96 97 95 96
jp10-speaker040--009 96 96 94 94 88 94 91
jp10-speaker040--0010 94 94 93 96 95 95
jp10-speaker041--001 92 91 93 93 92 92
jp10-speaker041--002 95 95 96 95 92 92
jp10-speaker041--003 95 94 94 94 94 94
jp10-speaker041--005 87 92 90 92 89 92 92 94 92 93
jp10-speaker041--007 93 93 92 92 93 93 91 90
jp10-speaker041--008 92 92 94 92 93 93
jp10-speaker041--009 92 92 92 93 93 93 92
jp10-speaker041--0010 92 92 93 93 94 94
