-59.6902
-64.2613
-61.9769
-58.9108
-61.2337
-65.258
-60.9653
-62.2527
-69.4971
-80.816
-67.7261
-58.8656
-62.2906
-56.5757
-50.745
-63.9106
-65.0089
-70.0122
-70.6967
-62.2457
-66.2215
-62.8027
-67.5684
-69.4777
-78.0406
-71.7473
-71.7703
-62.4924
-62.0786
-59.2049
-59.6457
-61.2241
-64.7937
-67.3973
-64.9208
-86.6573
-86.7702
-102.35
-100.174
-121.49
-141.595
-118.647
-118.612
-128.244
-117.159
-104.612
-102.27
-100.583
-93.0795
-100.947
-123.372
-133.936
-123.076
-116.303
-101.983
-101.151
-97.0697
-83.0954
-86.0248
-85.6808
-92.4408
-82.1463
-88.8049
-86.4685
-91.3641
-85.8685
-94.7937
-110.992
-113.281
-127.604
-149.335
-138.595
-145.702
-150.793
-151.622
-169.515
-152.898
-154.852
-154.241
-110.432
-107.607
-102.306
-113.843
-128.263
-130.494
-112.57
-130.374
-129.55
-113.044
-115.739
-128.452
-126.063
-139.283
-140.032
-132.775
-129.366
-124.501
-129.377
-140.867
-176.852
-134.46
-139.697
-133.11
-122.887
-110.436
-91.3489
-77.8271
-75.2087
-78.1238
-79.906
-74.5813
-93.3911
-98.7573
-107.817
-106.277
-106.105
-103.254
-103.713
-110.743
-111.302
-114.523
-113.081
-119.341
-124.31
-122.743
-104.149
-94.491
-93.3069
-100.311
-94.2603
-94.3567
-89.4189
-92.9614
-87.7271
-92.1301
-94.834
-93.5864
-100.2
-107.988
-108.278
-103.649
-99.3604
-102.186
-96.4929
-97.6587
-99.2725
-94.6936
-97.4585
-97.8369
-99.4543
-104.678
-93.4998
-92.0825
-91.8066
-94.7388
-103.378
-148.378
-87.4707
-82.2375
-87.0483
-76.72
-76.9067
-70.8179
-67.6892
-56.3245
-55.2112
-50.8862
-59.8486
-63.4583
-62.8003
-66.0095
-67.7429
-67.7344
-65.3015
-59.8242
-72.0898
-61.0522
-64.2798
-65.6958
-63.7756
-68.4619
-63.5168
-60.8655
-58.8757
-58.0957
