-94.8592
-101.267
-90.9031
-93.6966
-96.5171
-87.2459
-88.2084
-86.8783
-86.5541
-84.4868
-80.9293
-77.3713
-79.5584
-79.546
-76.9184
-77.3837
-77.0918
-82.2936
-83.2538
-85.6822
-84.4261
-83.3242
-82.383
-81.102
-80.6684
-90.1163
-92.4077
-92.1017
-89.7409
-82.9823
-81.1967
-85.8472
-84.1967
-82.266
-79.275
-82.9336
-81.5656
-74.2588
-75.8294
-87.0257
-86.7814
-77.8924
-87.9624
-78.5303
-83.2844
-77.117
-78.4559
-79.1957
-73.701
-76.1998
-77.7653
-78.8012
-72.8624
-70.4963
-82.1873
-84.119
-79.039
-78.7236
-77.8506
-83.7364
-88.9102
-86.7964
-85.1587
-85.1609
-80.7649
-87.4336
-85.9603
-82.0151
-80.6785
-83.1379
-84.0191
-80.4119
-86.8916
-82.5052
-86.8308
-94.9739
-91.4245
-86.6924
-81.8584
-78.8767
-79.0781
-79.1924
-77.3723
-78.5105
-89.7458
-94.3872
-93.1978
-84.4826
-88.5535
-81.4637
-102.15
-86.6023
-85.1082
-91.7168
-89.0984
-90.9104
-80.8667
-83.0772
-75.3589
-78.8503
-85.2678
-97.5703
-98.7876
-105.906
-110.486
-111.222
-96.0821
-88.7725
-87.7866
-107.969
-97.6772
-92.275
-90.0118
-89.3606
-84.1699
-84.9895
-85.1858
-85.117
-89.9898
-90.4336
-92.0456
-91.5637
-99.1369
-99.98
-87.6386
-83.209
-90.5258
-92.2243
-99.3084
-101.116
-94.7381
-89.4492
-86.3555
-87.6724
-87.9851
-88.9153
-96.6124
-101.148
-105.873
-107.115
-100.15
-94.0429
-89.31
-85.0766
-82.6728
-76.1821
-76.0151
-80.5474
-90.0102
-93
-90.5494
-96.9301
-95.915
-99.3091
-99.8496
-102.987
-98.7832
-91.5146
-96.2256
-93.9185
-82.6216
-79.7593
-81.7866
-89.915
-97.6289
-101.607
-94.7636
-103.893
-103.496
-103.118
-95.1313
-110.473
-100.329
-104.591
-104.836
-104.162
-103.695
-100.033
-102.196
-87.9228
-91.1411
-87.9214
-93.46
-92.9986
-87.6811
-85.5718
-83.94
-80.4214
-69.0791
-66.7544
-68.4287
-67.7504
-76.916
-79.2803
-78.397
-81.186
-92.3746
-87.375
-89.7539
-87.06
-85.8721
-86.0947
-73.7754
-71.2705
-75.022
-75.3047
-76.7593
-77.2998
-83.3248
-87.2461
-80.4272
-78.7793
-76.0108
-85.0634
-98.4961
-116.366
-122.942
-115.71
-112.17
-113.395
-130.289
-122.276
-116.977
-119.256
-102.602
-99.498
-88.1557
-85.1309
-82.6069
-75.6226
-77.1665
-78.0454
-79.8047
-80.5943
-82.5967
-83.0918
-79.1279
-82.2246
-87.81
-84.126
-85.9424
-86.8565
-89.3423
-80.7598
-78.9976
-79.4502
-79.9571
-77.6118
-83.5927
-78.0205
-79.44
-78.0073
-81.9506
-87.4498
-91.2158
-91.3828
-82.1998
-77.2939
-71.8374
-65.3965
-75.5317
-73.3154
-72.9185
-72.3911
-70.1924
-73.475
-67.2246
-67.0298
-68.9136
-76.8384
-78.4834
-80.5634
-75.0425
-75.7075
-75.4116
-81.5126
-86.1401
-85.2305
-84.5376
-86.8945
-91.1045
-89.2998
-92.209
-87.7764
-72.3516
-78.1494
-71.5195
-84.0175
-74.3203
-86.4756
-75.7412
-87.1055
-77.663
-85.415
-81.8876
-84.46
-78.7354
-76.9453
-75.5362
-68.6777
-68.8154
-76.1455
-80.2148
-79.1104
-70.9482
