-67.8524
-62.2172
-66.2354
-64.4752
-64.4243
-55.3468
-62.5178
-62.0885
-64.4509
-62.2895
-65.5349
-58.9094
-65.1097
-70.0742
-61.3272
-71.669
-65.8314
-69.9072
-63.5955
-66.6891
-66.9019
-63.8971
-65.0398
-79.9809
-98.8943
-107.765
-113.494
-122.182
-131.182
-112.013
-105.491
-104.77
-105.104
-98.4488
-94.7787
-97.8427
-103.671
-105.3
-95.2945
-95.957
-92.0905
-89.4016
-86.2054
-88.6026
-87.8647
-88.4598
-90.9497
-89.6475
-89.201
-86.6995
-88.558
-89.8404
-90.7361
-92.37
-91.232
-91.2634
-95.5188
-91.4731
-94.0912
-95.3036
-91.7926
-91.2018
-93.3569
-98.9807
-100.862
-105.344
-97.1149
-95.7251
-91.6425
-87.1594
-89.7723
-86.9574
-77.771
-74.8395
-81.6736
-86.7432
-102.241
-98.1598
-101.703
-106.801
-120.522
-106.803
-107.957
-100.916
-93.9899
-115.812
-128.292
-113.08
-107.034
-108.947
-104.953
-112.686
-119.025
-117.637
-116.622
-111.345
-104.16
-98.5126
-93.1464
-93.786
-95.5023
-100.263
-103.077
-101.302
-100.034
-100.618
-102.313
-103.209
-108.616
-108.681
-105.163
-112.305
-113.876
-115.243
-117.02
-107.842
-108.545
-106.185
-105.673
-102.675
-103.978
-103.58
-110.01
-112.588
-110.009
-106.595
-107.438
-107.672
-109.998
-114.233
-106.96
-101.337
-99.6106
-98.4912
-104.323
-113.7
-124.423
-120.83
-120.671
-114.861
-106.497
-101.128
-97.7966
-100.377
-105.853
-112.267
-116.486
-113.184
-107.695
-100.61
-94.9036
-97.5793
-100.562
-101.273
-105.543
-109.747
-103.381
-107.864
-114.677
-120.739
-130.864
-151.388
-146.143
-138.779
-137.04
-130.492
-123.712
-129.735
-143.181
-130.979
-112.803
-98.6023
-92.4292
-90.9399
-86.4502
-87.1094
-88.5107
-83.0652
-80.6421
-74.1199
-77.1277
-80.0574
-83.822
-93.9282
-92.3132
-91.1047
-97.5427
-97.2644
-103.458
-100.002
-92.4609
-85.5737
-86.0742
-76.8909
-85.0708
-84.4995
-76.6492
-81.6235
-77.0264
-75.6384
-77.0435
-78.75
-73.5864
-81.0242
-80.2258
-88.7366
-86.8958
-93.562
-89.8889
-100.968
-96.6248
-91.4417
-75.2271
-76.438
-62.7173
-63.3545
-57.0801
-53.418
-56.0498
-52.0117
-62.1924
-68.9746
-61.9238
-68.1006
-63.0444
-62.6172
-66.1621
-67.3804
-67.0386
-70.3882
-73.6548
-74.1333
-63.2544
-67.4487
-73.8306
-65.8545
-60.0659
-60.498
-59.9731
-62.2607
-58.6255
-58.9771
-58.9795
-56.7407
-56.4941
-57.1582
-55.5518
-56.1133
-65.791
-75.5981
-73.7183
-79.7534
-76.2061
-79.6191
-83.208
-76.9067
-79.3188
-72.7832
-73.8989
-73.0054
-69.6045
-75.6714
-77.4023
-80.9229
-76.6602
-76.2866
-72.876
-73.7109
-63.3057
-66.8652
-55.3296
-54.9268
-54.8682
-58.7671
-60.2417
-67.4585
-64.6411
-57.5269
-72.5171
-71.0059
-71.1182
-66.7407
-70.7251
-95.9717
-103.042
-102.373
-118.083
-104.683
-107.627
-102.903
-99.6313
-82.6465
-83.0249
-73.5645
-70.9839
-63.8721
-58.6572
