-143.852
-125.705
-146.682
-149.952
-135.416
-120.269
-102.82
-106.496
-91.4099
-84.9989
-92.6315
-98.063
-105.204
-87.5656
-105.158
-118.486
-115.058
-109.894
-106.732
-110.534
-114.666
-101.052
-93.4381
-84.9916
-78.6845
-92.8966
-94.9906
-109.997
-99.1048
-99.398
-89.3382
-86.2892
-89.3924
-94.8098
-105.558
-106.755
-102.665
-108.536
-111.701
-108.611
-113.393
-117.925
-150.066
-110.296
-122.491
-116.338
-107.484
-102.452
-105.116
-94.2635
-99.5204
-88.8527
-97.5359
-96.3604
-107.859
-111.224
-109.291
-118.356
-120.98
-132.445
-142.373
-150.587
-156.266
-180.889
-141.617
-126.28
-127.997
-119.723
-120.563
-117.247
-126.277
-113.38
-118.769
-123.085
-127.265
-121.076
-134.872
-129.829
-121.494
-111.094
-108.99
-116.194
-122.326
-127.675
-121.218
-126.636
-132.314
-145.469
-161.954
-158.791
-167.262
-111.497
-128.29
-126.188
-127.022
-130.699
-125.592
-127.086
-122.675
-120.658
-133.915
-131.645
-126.161
-130.688
-123.552
-127.141
-121.411
-121.044
-135.245
-120.847
-123.112
-134.503
-161.89
-173.098
-161.581
-132.713
-123.65
-119.796
-100.17
-101.024
-104.379
-117.404
-112.178
-115.236
-105.028
-117.661
-119.624
-106.761
-103.282
-102.17
-92.6557
-89.5356
-83.3803
-79.7388
-94.4429
-96.0469
-95.1973
-95.8126
-91.0943
-90.9888
-110.679
-118.321
-124.831
-134.72
-132.002
-124.894
-122.599
-126.798
-136.525
-127.366
-121.248
-118.9
-114.398
-106.263
-111.57
-106.685
-108.164
-96.0337
-98.8843
-105.974
-100.176
-100.392
-99.8774
-105.639
-98.4038
-138.739
-120.482
-132.635
-131.749
-158.298
-134.112
-137.36
-131.116
-132.472
-118.5
-104.851
-102.58
-95.0347
-94.8223
-91.2862
-100.651
-100.078
-105.905
-100.493
-92.3291
-90.4468
-106.305
-109.934
-132.487
-160.938
-162.996
-158.845
-129.407
-122.807
-118.402
-112.181
-108.65
-111.382
-106.337
-99.523
-97.5396
-89.9224
-109.586
-125.708
-104.098
-108.268
-108.063
-110.483
-120.252
-126.059
-130.033
-111.454
-109.002
-100.477
-96.542
-100.081
-89.9122
-91.3799
-103.995
-106.207
-105.486
-100.213
-98.0596
-93.0762
-91.4356
-90.9112
-101.478
-94.4971
-94.1104
-97.2392
-123.39
-121.535
-152.004
-133.447
-138.565
-174.026
-174.118
-173.604
-132.059
-138.764
-119.092
-128.338
-134.185
-122.171
-121.588
-124.658
-125.467
-120.343
-129.612
-128.839
-124.356
-132.506
-131.384
-135.943
-133.998
-146.683
-161.563
-141.768
-146.447
-147.293
-138.492
-161.722
-178.043
-171.642
-174.823
-145.201
-127.148
-127.471
-127.927
-113.798
-116.268
-99.665
-99.6094
-96.9258
-97.6172
-100.649
-108.58
-115.28
-120.691
-119.309
-116.335
-123.486
-124.093
-126.498
-134.992
-154.36
-168.419
-163.76
-140.801
-123.809
-102.595
-90.5596
-88.2569
-88.6114
-96.3984
-95.376
-93.6797
