-111.258
-124.568
-138.954
-142.411
-124.115
-108.84
-101.666
-101.112
-94.2753
-90.5747
-91.7018
-95.0441
-103.645
-103.783
-114.214
-125.816
-129.95
-124.219
-111.073
-102.576
-96.1617
-92.8033
-92.3067
-89.8528
-88.7363
-94.8392
-95.9064
-100.24
-99.4193
-99.592
-98.6545
-95.8392
-94.4125
-94.1864
-97.3688
-96.3858
-96.4624
-105.707
-109.147
-106.055
-105.529
-106.989
-102.336
-105.675
-113.347
-107.393
-104.598
-101.212
-100.919
-100.412
-99.3781
-93.385
-96.0291
-93.2288
-97.572
-97.3322
-99.8505
-111.888
-111.082
-118.358
-135.048
-154.655
-161.612
-158.737
-140.601
-128.801
-123.431
-114.484
-114.521
-113.485
-120.634
-114.765
-113.817
-110.929
-112.983
-110.534
-114.197
-114.063
-115.481
-109.304
-105.059
-101.915
-127.388
-127.453
-120.995
-126.414
-132.092
-145.247
-161.732
-158.569
-167.04
-118.213
-121.562
-114.633
-116.327
-118.457
-123.287
-124.314
-128.678
-132.058
-133.495
-127.023
-117.501
-114.689
-110.42
-120.801
-118.003
-119.946
-113.738
-117.314
-118.262
-122.542
-137.893
-145.917
-147.885
-139.054
-137.374
-125.322
-130.505
-131.306
-118.711
-113.761
-109.261
-117.091
-110.933
-113.291
-113.878
-106.538
-103.058
-101.947
-92.4329
-89.3127
-83.1567
-79.5154
-94.22
-95.8252
-94.9756
-95.5896
-90.8716
-90.7666
-100.284
-105.796
-110.449
-117.487
-120.269
-116.777
-119.786
-125.719
-136.205
-130.909
-126.587
-120.912
-119.275
-108.669
-106.65
-101.753
-107.224
-99.5386
-97.5623
-101.924
-98.5657
-96.7029
-100.594
-108.652
-109.072
-112.192
-121.782
-132.876
-133.152
-138.988
-127.344
-127.562
-113.262
-115.011
-111.091
-104.225
-102.294
-97.0667
-99.6545
-94.967
-98.5718
-97.168
-100.632
-99.8267
-95.6689
-96.4624
-100.015
-110.522
-119.014
-143.616
-146.79
-144.792
-131.13
-127.749
-116.301
-106.565
-104.021
-107.244
-106.934
-101.035
-99.7266
-97.7124
-103.374
-97.6245
-96.5332
-98.5376
-102.166
-101.677
-108.708
-114.124
-115.396
-103.787
-101.96
-94.8584
-94.1626
-92.8442
-92.7051
-94.9854
-101.111
-104.8
-110.725
-103.14
-104.6
-99.3384
-97.5586
-97.9126
-98.3203
-95.5396
-91.4502
-96.6675
-103.384
-107.878
-118.091
-129.304
-150.344
-176.218
-182.378
-169.541
-150.425
-140.205
-121.943
-130.11
-137.585
-112.488
-109.226
-103.118
-107.668
-105.491
-113.01
-115.037
-114.963
-123.997
-131.169
-143.533
-140.339
-144.592
-154.021
-159.053
-159.688
-145.53
-137.59
-148.933
-158.296
-146.748
-135.21
-130.918
-128.025
-121.465
-117.695
-106.287
-98.6377
-96.4746
-97.0337
-99.0698
-100.376
-105.037
-108.508
-119.658
-124.077
-126.841
-119.133
-120.193
-112.061
-117.798
-124.846
-137.957
-147.864
-148.022
-135.847
-115.771
-97.146
-92.8394
-94.0747
-92.7417
-95.4541
-94.7534
-93.5596
