-68.0753
-62.4401
-66.4583
-64.698
-64.6472
-55.5697
-62.7407
-62.3113
-64.6738
-62.5124
-65.7577
-59.1323
-65.3326
-70.2971
-61.5502
-71.8919
-66.0542
-70.13
-63.8184
-66.912
-67.1248
-64.1201
-65.2627
-80.2038
-89.4456
-91.8836
-99.5687
-125.549
-133.315
-115.221
-107.296
-99.3056
-100.963
-95.7834
-95.9404
-95.3965
-95.1584
-93.9307
-90.8412
-91.8743
-90.7753
-91.3554
-88.228
-89.9506
-89.0494
-90.5219
-96.476
-92.3378
-86.8795
-84.6988
-85.5908
-89.9593
-89.9161
-91.5967
-89.8004
-91.8746
-94.2769
-93.3241
-95.6488
-96.0758
-90.6101
-87.7255
-90.3406
-97.8011
-95.0153
-101.171
-96.0512
-95.948
-91.8655
-87.3823
-89.9948
-87.1801
-77.9938
-75.0623
-81.6738
-86.743
-102.241
-98.1592
-101.703
-106.8
-120.522
-106.803
-107.957
-100.916
-93.9895
-115.811
-133.001
-132.654
-126.433
-119.315
-154.057
-116.366
-114.543
-110.941
-113.402
-119.118
-106.203
-99.7529
-85.2722
-84.6848
-82.9996
-86.685
-89.4485
-92.6302
-97.4407
-101.708
-102.177
-99.6716
-114.989
-133.99
-109.564
-110.388
-113.211
-106.551
-107.264
-91.6208
-100.715
-94.664
-100.327
-94.6362
-89.4808
-84.7998
-97.1162
-96.167
-93.1904
-85.6194
-87.8848
-90.4255
-97.79
-102.358
-90.2395
-91.0393
-90.9324
-87.5039
-92.1695
-98.2675
-113.358
-107.495
-106.463
-101.81
-99.5332
-88.3506
-83.0947
-87.9272
-88.1162
-89.0185
-100.39
-97.2788
-97.3126
-96.7661
-89.31
-87.8892
-84.8027
-89.5445
-91.8047
-96.8848
-90.5918
-106.037
-98.6352
-96.9858
-117.754
-125.305
-120.082
-121.55
-128.04
-128.14
-134.628
-155.429
-161.281
-144.642
-117.923
-100.39
-92.2325
-91.0547
-86.6734
-87.3325
-88.7329
-83.288
-80.8652
-74.3423
-77.351
-80.2807
-84.0454
-94.1514
-92.5356
-91.3272
-97.7651
-97.4882
-103.682
-100.225
-92.6836
-85.7959
-86.2969
-77.1138
-85.2935
-84.7222
-76.8721
-81.8452
-77.2486
-75.8614
-77.2661
-78.9726
-73.8106
-81.2476
-80.4492
-88.96
-87.1187
-93.7852
-90.1128
-101.191
-96.8467
-91.6655
-75.4498
-76.6612
-62.94
-63.5786
-57.3047
-53.6411
-56.2734
-52.2349
-62.4155
-69.1963
-62.146
-68.3232
-63.2666
-62.8403
-66.3852
-67.6025
-67.2626
-70.6128
-73.8779
-74.3569
-63.4775
-67.6728
-74.0537
-66.0791
-60.2872
-60.7207
-60.1963
-62.4844
-58.8486
-59.2002
-59.2031
-56.9648
-56.7173
-57.3823
-55.7754
-56.3364
-66.0132
-75.8203
-73.9409
-84.8774
-87.4996
-100.833
-82.6992
-69.5449
-76.8384
-72.4937
-72.0586
-73.4971
-72.2095
-69.6431
-72.0689
-75.9067
-71.7012
-72.9244
-68.9092
-67.5718
-63.5274
-67.0884
-55.5512
-55.15
-55.0913
-58.9892
-60.4628
-67.6817
-64.8632
-57.75
-72.7398
-71.2295
-71.3408
-66.9624
-73.459
-85.3828
-102.577
-108.65
-113.338
-104.906
-107.851
-103.125
-99.8555
-82.8691
-83.25
-73.7872
-71.2061
-64.0957
-58.8809
