-81.8795
-91.7526
-91.8049
-87.5328
-85.9163
-88.4218
-100.012
-93.8358
-100.532
-97.3661
-96.3209
-87.4648
-95.5266
-94.7782
-94.8965
-86.805
-84.5249
-95.4362
-96.8885
-100.371
-103.333
-102.867
-96.8008
-100.759
-95.8631
-87.4537
-86.3896
-79.0202
-84.7602
-71.5382
-78.563
-67.9171
-75.5711
-71.5175
-71.5355
-77.0146
-82.7029
-79.0554
-77.3819
-73.8215
-72.5317
-70.5864
-65.8697
-70.165
-63.761
-84.101
-99.8566
-108.66
-96.8822
-96.0728
-91.2869
-82.8311
-84.8958
-86.7294
-96.8858
-93.8324
-95.985
-98.6261
-106.415
-98.1054
-95.2668
-94.9273
-100.18
-92.477
-88.5029
-87.2959
-103.419
-96.9449
-96.412
-86.2313
-85.3169
-78.498
-81.4644
-81.0937
-84.3728
-80.9056
-84.9024
-95.0062
-87.4892
-110.306
-93.0088
-106.756
-109.159
-110.594
-104.896
-100.217
-96.0366
-102.25
-100.339
-101.319
-100.525
-96.553
-93.118
-99.7918
-102.097
-101.539
-103.634
-113.539
-117.766
-118.699
-113.257
-119.906
-129.371
-146.986
-142.358
-131.372
-126.968
-109.511
-96.498
-93.695
-91.5352
-93.4409
-91.6084
-93.6782
-93.9206
-96.4585
-97.6458
-98.9063
-98.0266
-97.3931
-98.2288
-101.431
-103.884
-102.012
-91.8061
-91.1038
-80.0251
-88.087
-95.0852
-93.2651
-73.2422
-84.8232
-82.7915
-100.219
-91.7168
-85.7798
-89.5576
-94.3037
-93.1978
-92.7949
-93.3545
-90.4204
-94.4825
-93.1069
-96.6929
-88.4077
-95.748
-89.8228
-83.7334
-87.0307
-89.7569
-93.7544
-94.1792
-99.4292
-98.5796
-94.3067
-88.4326
-89.376
-90.7969
-95.6602
-99.5494
-99.3296
-102.17
-104.96
-95.962
-123.798
-150.997
-140.216
-140.548
-137.009
-132.595
-128.562
-126.5
-119.626
-106.563
-105.044
-106.674
-107.896
-104.395
-103.14
-105.554
-113.244
-105.394
-100.701
-96.5801
-91.4854
-96.3868
-87.416
-90.5303
-81.8203
-79.9204
-71.4844
-76.9189
-84.1114
-78.8057
-80.6045
-79.1
-79.7315
-80.5898
-80.3599
-82.2626
-80.212
-71.1577
-65.225
-67.976
-70.2758
-72.3677
-75.5756
-74.2046
-78.0527
-68.1079
-72.7046
-73.352
-72.4644
-68.9297
-73.8457
-79.1338
-81.46
-93
-96.4541
-88.9658
-93.167
-96.624
-95.4565
-95.8301
-88.7593
-81.9112
-84.0748
-81.2124
-80.1152
-79.7358
-81.8994
-83.524
-84.5303
-87.9346
-88.1016
-92.7788
-92.3569
-91.7622
-93.6695
-88.4722
-92.3027
-92.4478
-93.835
-98.6689
-108.51
-111.019
-106.682
-96.4014
-92.6748
-84.4571
-88.8838
-84.5142
-90.2461
-91.9409
-91.2202
-92.2925
-91.3667
-90.7646
-95.9677
-106.655
-99.1187
-95.9458
-95.1167
-92.6309
-95.959
-95.0508
-90.6211
-94.0927
-96.4424
-93.6592
-92.54
-85.1132
-83.3496
-86.8213
-100.846
-106.954
-108.522
-112.313
-117.152
-115.579
-109.359
-106.403
-101.01
-105.873
-99.2929
-96.3427
-93.6738
-86.6455
-88.3535
-72.5362
-75.4746
-67.7813
-74.9766
-61.7051
-83.9179
-57.5098
