-111.181
-117.925
-119.334
-118.776
-117.758
-106.369
-104.519
-102.682
-104.043
-101.057
-106.597
-113.182
-116.46
-121.252
-126.523
-133.199
-145.678
-143.236
-126.786
-119.376
-120.461
-111.595
-108.235
-99.0759
-91.6937
-87.4869
-88.0829
-88.4787
-91.6217
-91.4487
-97.6007
-102.584
-107.537
-111.421
-123.721
-127.455
-121.771
-118.856
-114.734
-120.952
-112.433
-112.856
-117.842
-117.493
-112.283
-105.285
-117.545
-123.167
-116.664
-127.786
-139.069
-150.956
-134.276
-130.101
-121.191
-112.72
-120.952
-125.474
-133.142
-129.422
-119.641
-121.49
-120.529
-127.39
-118.911
-107.012
-111.237
-112.649
-119.251
-135.178
-135.599
-150.936
-151.804
-152.887
-126.189
-121.913
-107.48
-103.518
-95.0208
-89.6185
-85.6647
-84.0808
-87.3651
-91.6803
-98.8831
-87.818
-92.2095
-84.1833
-79.4684
-79.7339
-73.5376
-75.8154
-77.8186
-90.7251
-89.4104
-82.9858
-78.5132
-84.3042
-82.0032
-78.2458
-85.1794
-72.1948
-72.4158
-80.6042
-81.0718
-85.4309
-88.1799
-94.9231
-97.2253
-104.119
-100.194
-89.7253
-82.2668
-76.6235
-86.7358
-89.4116
-93.3362
-97.8467
-98.5095
-97.7393
-92.5073
-94.5569
-93.0042
-94.4531
-89.2749
-85.6543
-84.4995
-72.5208
-83.0957
-83.2532
-79.6069
-76.7419
-74.0259
-74.1577
-84.1528
-76.0229
-74.2322
-66.864
-74.2188
-75.2563
-72.2351
-75.4309
-81.5857
-89.4934
-98.9294
-103.589
-98.1653
-84.2822
-82.1729
-72.9614
-75.1489
-80.4675
-68.4546
-69.7095
-60.7349
-64.1431
-56.9189
-65.1257
-68.7256
-69.032
-61.8689
-69.0039
-68.7476
-71.9214
-76.1218
-69.8438
-72.4121
-71.6028
-76.5576
-71.6797
-74.1235
-75.1392
-73.7476
-81.1475
-77.1899
-77.561
-73.667
-76.499
-70.7935
-75.1331
-65.6409
-69.7437
-65.3308
-61.1914
-60.4102
-62.699
-68.2971
-72.4805
-73.1799
-69.8499
-70.8765
-62.8223
-62.2266
-59.3542
-59.5129
-59.657
-60.4089
-67.6843
-65.0183
-72.9651
-65.0134
-66.3708
-64.8438
-64.9316
-65.2356
-61.8481
-67.3303
-63.7207
-73.6646
-79.5667
-71.908
-80.3906
-73.988
-77.0105
-69.2725
-70.7727
-78.7622
-88.6328
-76.0339
-76.0242
-73.3728
-71.6809
-67.998
-65.4736
-67.7002
-75.0391
-69.7339
-67.8687
-73.2568
-70.5176
-72.3584
-78.8354
-79.7754
-82.1191
-94.0723
-87.3608
-91.9922
-88.2495
-102.429
-101.252
-112.981
-115.151
-133.052
-129.692
-125.676
-121.411
-125.43
-125.154
-113.013
-111.313
-111.96
-106.458
-100.146
-101.008
-98.3057
-97.7222
-99.3359
-105.955
-99.0356
-94.0796
-90.1562
-94.7363
-94.187
-93.0737
-94.375
-100.432
-102.842
-102.463
-99.6191
-103
-101.265
-107.747
-107.632
-112.454
-117.832
-124.941
-125.867
-111.562
-103.809
-99.3335
-107.749
-105.181
-112.876
-114.749
-118.594
-110.813
-107.329
-107.678
-113.516
-114.343
-113.34
-112.136
-164.285
-125.886
-131.462
-143.95
-139.575
