-67.5487
-69.5982
-73.524
-77.5763
-83.2004
-72.3699
-86.2466
-75.2138
-72.279
-65.0371
-63.556
-83.3627
-90.8984
-102.87
-90.5069
-95.6815
-96.1124
-89.5634
-87.8253
-85.9714
-78.0205
-92.2697
-93.4575
-98.439
-96.0608
-97.4164
-97.2212
-92.7455
-94.0588
-92.0102
-96.2817
-93.7738
-98.7875
-94.8166
-98.8315
-97.9407
-102.848
-96.788
-96.1523
-96.2976
-90.8795
-89.4046
-91.3391
-91.9861
-91.0196
-91.9644
-91.3315
-91.7184
-91.8259
-92.3596
-91.5674
-88.8803
-88.9404
-89.0536
-93.9536
-90.2206
-90.4593
-93.7808
-97.1179
-99.6368
-99.4788
-99.552
-102.46
-99.4543
-98.4442
-94.707
-94.9426
-98.5187
-103.51
-104.913
-108.119
-103.084
-108.862
-101.061
-101.481
-100.267
-104.554
-109.109
-112.411
-110.06
-103.951
-102.129
-104.319
-102.614
-99.8621
-96.2848
-96.9019
-101.961
-106.948
-109.87
-109.795
-106.289
-103.967
-98.3569
-96.4575
-93.6285
-93.83
-95.5981
-101.712
-107.818
-114.103
-123.909
-117.57
-109.03
-105.916
-113.798
-118.11
-114.513
-118.916
-122.295
-124.154
-124.954
-118.383
-117.487
-116.514
-107.123
-100.422
-97.2498
-97.5793
-95.282
-94.5459
-95.5652
-102.524
-109.033
-108.949
-106.947
-102.358
-101.639
-99.3958
-105.306
-104.843
-107.843
-113.423
-132.031
-135.864
-124.531
-119.762
-124.403
-120.278
-112.765
-108.866
-105.118
-106.244
-105.699
-112.106
-114.796
-116.908
-114.667
-118.329
-114.706
-103.411
-99.7449
-98.6499
-93.833
-93.3911
-93.4863
-96.8188
-95.9753
-102.987
-109.91
-114.739
-117.683
-118.147
-109.795
-104.119
-98.7952
-100.464
-97.8076
-104.391
-113.223
-112.737
-111.063
-111.167
-105.347
-101.462
-98.844
-98.9209
-101.647
-100.518
-100.74
-100.369
-106.942
-106.593
-108.622
-107.738
-104.952
-103.182
-101.836
-101.172
-99.3933
-94.4543
-91.6016
-89.8767
-95.4932
-100.085
-101.677
-100.654
-101.127
-98.8916
-95.21
-91.0498
-85.4407
-90.9253
-86.2744
-74.2065
-72.6099
-66.5967
-70.21
-70.0635
-73.8062
-86.2646
-101.396
-106.624
-107.588
-108.152
-98.667
-89.4482
-90.2295
-87.9541
-83.0396
-90.4248
-82.9883
-82.8564
-77.876
-84.1406
-86.3818
-91.0034
-77.9492
-81.3696
-80.6812
-83.313
-84.0894
-77.7954
-78.4619
-75.6104
-77.2949
-75.3296
-78.9404
-77.1973
-79.5215
-81.5601
-83.2324
-81.1157
-79.9341
-79.9634
-76.2744
-67.981
-69.4385
-65.7275
-63.4448
-63.0029
-71.3086
-68.2178
-70.896
-71.8042
-79.4556
-77.0996
-74.8315
-78.9062
-73.9526
-90.3931
-75.1416
-90.1807
-84.8438
-87.832
-82.8906
-86.9141
-93.2373
-79.1846
-73.5278
-69.2603
-73.3691
-69.4604
-81.1987
-80.1074
-83.2178
-83.0225
-85.603
-81.2622
-84.3481
-78.4424
-73.479
-71.1938
-70.0464
-72.146
-75.8496
-76.7041
-76.543
-92.5879
-118.528
-92.771
-95.6543
-85.9302
-78.4692
-77.0435
-73.2666
-66.04
