-79.1974
-76.9759
-82.125
-77.1724
-82.7361
-71.2407
-74.5026
-65.6535
-73.4629
-69.8936
-85.6111
-72.966
-95.1496
-83.8394
-91.7659
-65.9528
-68.3717
-74.4009
-68.6157
-64.801
-74.4983
-81.1633
-81.0706
-70.7573
-69.2851
-70.412
-75.3201
-68.9906
-58.5568
-69.8767
-65.3108
-54.8642
-66.2701
-53.4128
-63.2011
-58.9725
-71.1127
-75.036
-80.0815
-70.3036
-71.9031
-77.9242
-66.3617
-84.5541
-83.5095
-91.3388
-91.6711
-97.1146
-92.7832
-94.0201
-93.8763
-90.82
-91.7267
-93.938
-95.9164
-99.7397
-98.5788
-98.822
-93.8821
-91.73
-90.2209
-92.1271
-89.549
-86.8045
-85.3354
-85.8228
-87.337
-89.0509
-90.827
-90.0635
-92.9797
-94.2047
-91.4453
-91.4777
-90.3406
-91.6791
-91.2335
-92.11
-90.3259
-87.533
-88.1201
-88.1543
-91.7981
-96.6425
-100.684
-102.07
-103.549
-93.7201
-91.7487
-90.5963
-91.4832
-92.2095
-92.5299
-93.8403
-98.595
-95.2979
-92.1143
-88.194
-89.2047
-87.5293
-87.7411
-88.6578
-93.3752
-91.4142
-94.7168
-95.542
-98.313
-96.5637
-92.9114
-89.8248
-92.2162
-92.2949
-93.4167
-90.3986
-94.8816
-98.869
-104.666
-109.037
-117.102
-112.976
-107.95
-95.4407
-93.8538
-88.3118
-88.7573
-90.1245
-91.3843
-95.9717
-101.089
-99.9463
-98.064
-99.1382
-94.7583
-92.1655
-89.0125
-95.1111
-98.5815
-100.641
-100.568
-108.052
-107.649
-106.044
-102.316
-102.545
-103.383
-95.3381
-91.8677
-91.4368
-91.9409
-91.3538
-92.2009
-96.0999
-99.5544
-96.3464
-95.5615
-93.8586
-98.6328
-93.6487
-97.0215
-95.2393
-94.563
-96.134
-99.5068
-104.43
-111.089
-111.842
-112.887
-114.417
-140.844
-106.276
-97.8455
-100.4
-105.422
-97.0972
-83.584
-79.3274
-88.3984
-85.7092
-84.6216
-88.8538
-91.5564
-97.8455
-100.975
-104.058
-104.176
-120.746
-101.3
-86.8359
-84.1394
-81.4233
-86.8701
-91.8896
-92.0618
-95.8521
-96.1914
-93.5034
-93.9795
-88.5083
-81.5088
-86.1731
-87.6514
-94.6423
-91.6431
-93.407
-92.2644
-95.033
-93.3777
-101.669
-99.4543
-98.5791
-96.6309
-95.2759
-91.0034
-90.6726
-87.1277
-89.4397
-87.1619
-88.075
-88.8354
-93.8
-95.8447
-95.2966
-93.1873
-93.0493
-91.0095
-79.9402
-84.292
-82.8247
-85.105
-83.1592
-85.686
-85.1514
-89.7559
-88.5156
-93.0786
-90.8789
-89.8096
-87.373
-89.8047
-87.7295
-83.8965
-90.2808
-95.21
-94.9609
-101.562
-101.274
-107.771
-96.3794
-102.146
-96.2305
-92.3828
-82.9297
-90.3027
-84.9341
-86.1865
-76.1938
-87.998
-83.1812
-82.6587
-73.4424
-77.7563
-67.3511
-67.7417
-68.5205
-69.4507
-70.6104
-67.6782
-69.1895
-81.7749
-85.6372
-96.7627
-88.6108
-83.2422
-78.9014
-76.9507
-81.3232
-79.4434
-74.7217
-66.9458
-82.3438
-68.1445
-77.9614
-67.5806
-56.7871
-61.9385
-71.9897
-75.6006
-72.959
-80.9009
-85.7568
-85.1392
-85.3735
-83.7866
-83.7329
-84.9707
-86.7407
-82.4414
