-102.825
-92.3094
-92.2526
-91.0535
-88.5763
-97.8883
-103.038
-101.205
-103.575
-94.5898
-86.0983
-91.0739
-82.0288
-89.217
-85.3668
-85.9498
-95.6197
-104.021
-105.628
-101.457
-113.161
-109.406
-102.705
-108.771
-112.068
-112.707
-114.792
-108.265
-105.096
-98.607
-98.5781
-98.2463
-101.346
-100.525
-99.2438
-100.731
-92.4272
-92.8843
-91.1114
-89.5163
-90.6284
-93.0128
-92.368
-92.1251
-90.3084
-92.4082
-95.4328
-101.289
-103.065
-101
-113.239
-111.638
-103.104
-97.266
-91.7501
-92.8426
-92.4067
-90.6724
-88.515
-90.4706
-87.5335
-75.2402
-85.2228
-88.7149
-97.3484
-96.4812
-94.9951
-98.2866
-100.818
-101.005
-91.8311
-101.33
-95.3965
-111.304
-109.091
-114.696
-112.12
-105.664
-94.6582
-91.9255
-91.2612
-88.4641
-87.4798
-89.51
-96.4637
-95.2757
-101.966
-100.026
-100.552
-123.58
-97.3044
-91.2092
-90.3955
-91.7308
-90.0007
-88.0327
-84.7741
-88.4377
-85.1734
-85.8698
-88.0108
-86.9531
-86.5342
-84.4541
-82.0715
-83.2618
-106.736
-104.204
-105.397
-111.102
-109.863
-106.482
-101.594
-95.1775
-99.3068
-111.179
-139.831
-116.327
-124.937
-125.723
-127.013
-112.432
-102.927
-91.4268
-87.564
-89.5847
-89.2734
-95.8388
-101.294
-105.675
-104.606
-88.2217
-90.9595
-91.1221
-102.231
-93.9024
-91.2173
-92.7407
-96.5244
-92.335
-90.0703
-89.7144
-99.6943
-108.183
-111.727
-101.477
-98.729
-93.6738
-95.5723
-98.962
-98.2046
-97.4898
-95.6836
-94.2876
-95.0742
-102.759
-101.36
-108.971
-99.4409
-97.7608
-91.8443
-91.6538
-93.0352
-91.6538
-79.6055
-79.5674
-80.7803
-91.0356
-95.3906
-90.0703
-89.0947
-91.6025
-86.7598
-81.5317
-82.0108
-85.2217
-89.855
-87.1978
-96.9449
-95.165
-96.7016
-99.7163
-102.016
-104.086
-99.3208
-100.25
-104.344
-102.287
-106.521
-111.215
-113.109
-121.16
-113.435
-132.344
-103.787
-107.853
-98.5693
-107.785
-129.725
-122.484
-123.186
-126.644
-112.846
-109.774
-91.0488
-91.626
-87.6826
-91.1425
-102.381
-102.945
-112.497
-99.6768
-98.1563
-104.465
-101.109
-94.6949
-94.0049
-90.627
-77.6206
-77.77
-83.225
-88.6874
-92.3218
-91.6303
-94.3652
-96.6313
-85.185
-88.1368
-90.6606
-88.6055
-86.6894
-86.0039
-88.5732
-90.2402
-85.4956
-84.6431
-84.3384
-88.0283
-91.7183
-88.7124
-83.7598
-89.3657
-98.3803
-95.0626
-89.3321
-85.9614
-82.002
-82.8164
-82.2071
-85.4473
-82.3492
-74.0742
-76.9453
-75.3955
-83.1445
-82.4941
-86.5283
-104.73
-88.9864
-81.2226
-76.9277
-78.5947
-80.3057
-82.7842
-85.9366
-100.225
-99.6475
-109.995
-119.15
-117.187
-115.359
-94.002
-90.4366
-91.248
-98.6866
-98.8388
-88.6172
-91.1338
-97.664
-102.472
-89.5254
-93.7764
-93.0703
-94.2275
-97.333
-101.355
-97.5791
-99.9317
-82.9307
-85.3067
-88.1425
-90.2344
-85.4209
-88.8984
-102.144
-109.602
-107.461
-106.743
-99.7148
-88.6524
-83.6719
-71.1006
-69.2988
-69.0616
-64.1132
