-102.602
-92.0866
-92.0298
-90.8307
-88.3535
-97.6656
-102.815
-100.982
-103.353
-94.3671
-85.8755
-90.8511
-81.806
-88.9942
-85.4451
-83.2082
-93.7912
-94.6323
-95.2962
-93.5738
-100.925
-99.6782
-99.0616
-102.219
-108.36
-114.882
-115.931
-104.844
-96.9351
-94.2374
-94.3454
-92.1671
-90.9909
-92.9489
-93.9487
-96.2585
-95.2853
-92.9538
-91.586
-91.0962
-94.1812
-95.762
-94.8013
-93.3517
-91.6324
-96.4639
-99.3842
-99.6103
-100.732
-97.4435
-102.337
-100.571
-98.9853
-95.3073
-91.5277
-92.6196
-92.1838
-90.4498
-88.2922
-90.2478
-87.3108
-75.0177
-85
-88.4924
-97.1252
-96.2585
-94.7723
-98.064
-100.594
-102.479
-95.3583
-111.65
-103.054
-112.682
-115.886
-116.783
-115.006
-118.159
-107.961
-98.4637
-94.9304
-93.0554
-91.3995
-92.6453
-101.071
-95.8118
-100.814
-102.097
-120.66
-85.7141
-92.1893
-86.6272
-86.214
-86.6028
-92.1185
-89.7644
-93.6676
-94.9371
-86.0968
-81.6974
-85.9979
-84.6179
-85.3906
-90.0336
-88.9642
-92.0221
-97.4792
-100.726
-106.676
-108.397
-109.869
-107.861
-106.281
-104.092
-106.743
-110.603
-116.041
-113.856
-117.131
-115.43
-111.895
-103.763
-98.0176
-92.4011
-91.2744
-92.1667
-91.5625
-94.7229
-93.916
-96.1816
-97.3572
-93.5547
-95.6641
-93.8208
-96.51
-92.5977
-91.7175
-90.2734
-92.0227
-91.1011
-92.0056
-96.7053
-103.307
-102.247
-100.764
-93.7976
-94.6594
-92.4451
-94.5984
-95.7141
-94.353
-94.8059
-96.0205
-98.0481
-98.2642
-107.295
-108.391
-110.643
-108.116
-104.286
-97.0508
-94.0198
-91.2366
-90.1489
-88.3215
-87.4609
-87.0239
-88.772
-89.7546
-89.7595
-89.4299
-89.9255
-90.6067
-89.8401
-89.0234
-88.5583
-91.1646
-91.7029
-93.7952
-92.8198
-98.3215
-97.522
-97.7856
-100.555
-97.8406
-99.2773
-99.5447
-99.7192
-105.295
-108.639
-111.091
-114.456
-113.269
-110.208
-101.306
-103.171
-96.4563
-101.168
-105.636
-108.629
-110.204
-118.601
-111.627
-109.758
-101.838
-103.049
-100.126
-101.912
-102.096
-105.243
-110.698
-109.519
-104.878
-99.668
-97.6514
-95.8716
-92.4219
-91.311
-90.8398
-91.084
-92.0947
-93.6792
-93.3691
-97.6587
-96.5063
-96.936
-90.9668
-92.6245
-91.2573
-92.0337
-95.5811
-96.5112
-98.8232
-97.1338
-95.8569
-96.001
-95.9912
-93.1812
-92.2681
-91.3501
-91.3428
-91.9482
-92.6636
-92.1289
-89.375
-90.144
-81.6626
-82.0728
-86.6016
-83.9551
-85.2686
-79.8853
-76.4453
-70.7446
-75.3198
-84.4995
-90.9912
-91.5527
-88.7622
-81.001
-76.7065
-78.374
-80.083
-82.5635
-85.7153
-100
-99.4238
-109.773
-118.928
-116.965
-115.137
-93.7793
-90.2148
-89.7607
-91.1279
-92.1973
-90.2075
-94.8926
-96.3647
-100.886
-102.842
-94.4116
-90.7617
-94.0063
-97.1094
-101.133
-97.356
-95.0146
-85.3296
-83.7109
-89.0601
-93.1128
-85.3638
-91.2622
-101.152
-100.698
-107.114
-111.968
-104.998
-86.7773
-84.5142
-71.3794
-66.8506
-68.3545
-67.4268
